###### Metadata
# Station Date Time Wind Sp Wind Dr Wind Gt Air Tmp H2O Tmp Baro Pr
# DCP#:    1  1  1  1  1  1
# Units:    Knots Degrees Knots Fahrnht Fahrnht mbars
# Data%: StnDtm  GMT 99.306 99.306 99.306 99.722 99.722 99.722 
# Maximum:   20.022 360.000 25.076 87.98 95.90 1024.80 
# Minimum:    0.194 1.000 0.389 64.58 76.46 1008.00 
###### 
Station Date Time WindSp WindDr WindGt AirTmp H2OTmp BaroPr
8670870 20120901 00:00 4.082 162.000 6.803 80.78 81.50 1020.60
8670870 20120901 01:00 3.110 169.000 5.832 80.60 81.32 1021.10
8670870 20120901 02:00 2.138 166.000 4.665 80.60 81.32 1021.50
8670870 20120901 03:00 2.721 167.000 4.471 80.06 81.32 1021.50
8670870 20120901 04:00 1.749 167.000 3.110 79.70 81.32 1021.30
8670870 20120901 05:00 3.499 206.000 5.248 79.70 81.32 1020.90
8670870 20120901 06:00 1.944 235.000 2.721 78.98 81.32 1020.40
8670870 20120901 07:00 3.499 254.000 4.665 78.08 81.32 1020.10
8670870 20120901 08:00 2.721 254.000 3.305 78.08 81.32 1019.80
8670870 20120901 09:00 2.916 312.000 3.305 77.72 81.32 1019.90
8670870 20120901 10:00 3.305 291.000 4.665 78.08 81.14 1020.20
8670870 20120901 11:00 3.693 252.000 4.860 77.18 81.32 1020.70
8670870 20120901 12:00 5.443 278.000 6.026 77.18 81.32 1021.30
8670870 20120901 13:00 3.693 289.000 4.665 78.08 81.14 1021.50
8670870 20120901 14:00 3.305 268.000 3.693 79.70 81.14 1021.80
8670870 20120901 15:00 3.110 265.000 3.499 82.22 81.32 1022.00
8670870 20120901 16:00 4.082 263.000 5.443 84.38 81.32 1021.70
8670870 20120901 17:00 2.916 170.000 4.665 86.72 81.50 1021.00
8670870 20120901 18:00 4.860 162.000 7.775 86.72 81.68 1020.30
8670870 20120901 19:00 5.443 159.000 8.164 87.08 81.86 1019.60
8670870 20120901 20:00 5.637 148.000 7.970 86.72 82.40 1018.50
8670870 20120901 21:00 5.248 165.000 10.302 87.08 82.22 1018.00
8670870 20120901 22:00 5.637 176.000 9.136 85.64 82.58 1017.80
8670870 20120901 23:00 2.916 169.000 5.832 84.74 82.22 1017.70
8670870 20120902 00:00 4.471 173.000 7.775 82.94 82.40 1018.10
8670870 20120902 01:00 3.693 186.000 6.415 82.94 82.22 1018.50
8670870 20120902 02:00 6.220 191.000 8.553 82.76 82.04 1018.70
8670870 20120902 03:00 8.164 198.000 12.246 82.40 82.04 1018.70
8670870 20120902 04:00 5.443 207.000 7.970 81.86 82.22 1018.50
8670870 20120902 05:00 3.110 219.000 5.637 80.78 82.04 1018.10
8670870 20120902 06:00 3.693 229.000 5.054 79.88 82.22 1017.90
8670870 20120902 07:00 3.305 232.000 5.248 79.16 82.04 1017.40
8670870 20120902 08:00 3.888 229.000 6.609 78.26 81.86 1017.30
8670870 20120902 09:00 3.499 213.000 4.860 77.54 81.68 1017.30
8670870 20120902 10:00 3.305 218.000 4.665 77.00 81.68 1017.20
8670870 20120902 11:00 3.110 220.000 5.054 77.18 81.86 1017.20
8670870 20120902 12:00 3.305 230.000 4.471 78.80 82.04 1017.60
8670870 20120902 13:00 3.693 258.000 4.860 80.42 81.86 1017.60
8670870 20120902 14:00 3.305 301.000 3.888 82.22 81.68 1017.90
8670870 20120902 15:00 3.693 191.000 4.860 83.84 81.86 1018.40
8670870 20120902 16:00 3.110 197.000 4.665 84.38 81.86 1018.10
8670870 20120902 17:00 3.693 195.000 5.054 85.28 81.86 1017.70
8670870 20120902 18:00 5.832 143.000 9.136 86.72 82.22 1016.90
8670870 20120902 19:00 4.665 160.000 8.359 87.08 82.40 1015.90
8670870 20120902 20:00 5.443 172.000 9.330 86.72 82.58 1015.20
8670870 20120902 21:00 6.998 164.000 10.691 86.54 82.76 1014.70
8670870 20120902 22:00 3.499 186.000 6.609 85.10 82.94 1014.70
8670870 20120902 23:00 6.220 194.000 8.942 83.66 82.76 1015.00
8670870 20120903 00:00 7.775 201.000 11.469 82.58 82.76 1015.30
8670870 20120903 01:00 6.415 192.000 11.469 82.58 82.76 1015.70
8670870 20120903 02:00 4.665 173.000 7.192 82.58 82.58 1016.00
8670870 20120903 03:00 4.665 185.000 7.970 82.22 82.58 1016.20
8670870 20120903 04:00 5.054 187.000 8.942 82.04 82.58 1016.20
8670870 20120903 05:00 4.471 178.000 6.026 81.50 82.58 1016.10
8670870 20120903 06:00 3.110 170.000 6.415 81.14 82.58 1016.00
8670870 20120903 07:00 3.110 182.000 5.832 80.60 82.58 1015.60
8670870 20120903 08:00 3.888 193.000 7.387 80.42 82.58 1015.40
8670870 20120903 09:00 4.860 206.000 7.970 80.60 82.22 1015.30
8670870 20120903 10:00 4.665 223.000 7.775 79.52 82.22 1015.70
8670870 20120903 11:00 6.220 232.000 9.136 78.80 82.04 1016.00
8670870 20120903 12:00 6.026 206.000 10.886 79.52 82.40 1016.50
8670870 20120903 13:00 5.637 213.000 8.942 80.96 82.22 1016.80
8670870 20120903 14:00 5.637 204.000 7.970 81.86 82.04 1017.10
8670870 20120903 15:00 6.220 201.000 8.942 83.30 82.04 1017.50
8670870 20120903 16:00 6.609 176.000 8.747 83.30 82.04 1017.20
8670870 20120903 17:00 7.387 155.000 13.412 84.20 82.22 1016.50
8670870 20120903 18:00 6.220 167.000 10.691 84.38 82.22 1015.90
8670870 20120903 19:00 7.775 155.000 11.663 84.38 82.58 1015.80
8670870 20120903 20:00 4.860 156.000 9.330 85.64 82.76 1015.50
8670870 20120903 21:00 4.665 217.000 10.497 83.30 83.12 1015.10
8670870 20120903 22:00 3.693 218.000 6.026 81.86 82.94 1015.30
8670870 20120903 23:00 4.860 154.000 7.970 81.50 83.12 1015.20
8670870 20120904 00:00 4.276 161.000 7.775 80.78 82.94 1015.20
8670870 20120904 01:00 4.860 156.000 8.164 80.60 82.76 1015.70
8670870 20120904 02:00 7.581 157.000 12.829 80.60 82.58 1015.60
8670870 20120904 03:00 5.832 167.000 11.469 80.78 82.40 1016.10
8670870 20120904 04:00 6.026 162.000 14.579 80.42 82.40 1015.80
8670870 20120904 05:00 6.998 145.000 12.829 79.70 82.40 1015.50
8670870 20120904 06:00 4.276 168.000 7.192 79.70 82.40 1015.50
8670870 20120904 07:00 3.888 160.000 6.609 79.34 82.40 1015.20
8670870 20120904 08:00 4.665 161.000 7.970 79.16 82.40 1015.30
8670870 20120904 09:00 3.693 155.000 7.387 78.98 82.22 1015.00
8670870 20120904 10:00 3.693 162.000 6.220 79.34 82.04 1015.30
8670870 20120904 11:00 2.916 171.000 5.248 78.98 82.22 1015.30
8670870 20120904 12:00 4.276 171.000 11.274 80.60 82.22 1015.60
8670870 20120904 13:00 5.443 194.000 8.942 81.86 82.22 1015.70
8670870 20120904 14:00 5.832 177.000 10.108 82.58 81.86 1015.80
8670870 20120904 15:00 7.192 183.000 10.691 82.76 95.90 1015.70
8670870 20120904 16:00 2.721 168.000 8.164 85.28 81.68 1015.40
8670870 20120904 17:00 6.609 154.000 9.719 84.02 81.86 1015.20
8670870 20120904 18:00 7.387 157.000 13.024 84.02 81.86 1014.70
8670870 20120904 19:00 4.860 169.000 8.359 87.44 82.22 1014.00
8670870 20120904 20:00 6.415 151.000 11.663 85.10 82.40 1013.50
8670870 20120904 21:00 9.330 141.000 14.190 84.74 83.12 1013.10
8670870 20120904 22:00 4.665 163.000 9.525 83.66 82.94 1013.50
8670870 20120904 23:00 4.471 170.000 7.387 82.04 83.12 1013.40
8670870 20120905 00:00 2.916 164.000 6.415 81.68 82.94 1013.90
8670870 20120905 01:00 7.970 224.000 10.302 81.14 82.94 1014.40
8670870 20120905 02:00 2.527 218.000 3.305 79.52 82.40 1014.40
8670870 20120905 03:00 2.527 157.000 3.888 79.52 82.40 1014.50
8670870 20120905 04:00 4.082 194.000 6.026 80.78 82.40 1014.40
8670870 20120905 05:00 4.860 209.000 7.581 80.78 82.40 1014.30
8670870 20120905 06:00 4.082 211.000 8.359 80.06 82.40 1013.90
8670870 20120905 07:00 3.499 206.000 6.026 79.88 82.40 1013.60
8670870 20120905 08:00 3.888 181.000 6.220 80.06 82.40 1013.50
8670870 20120905 09:00 2.527 166.000 4.471 79.52 82.40 1013.40
8670870 20120905 10:00 1.555 183.000 4.860 79.34 82.40 1013.40
8670870 20120905 11:00 2.527 318.000 3.305 77.90 82.40 1013.90
8670870 20120905 12:00 3.305 282.000 3.888 77.54 82.40 1014.20
8670870 20120905 13:00 3.499 203.000 4.860 79.34 82.40 1014.50
8670870 20120905 14:00 4.860 217.000 7.192 81.68 82.22 1014.80
8670870 20120905 15:00 4.276 136.000 7.581 83.84 82.04 1015.00
8670870 20120905 16:00 4.082 164.000 7.775 84.74 82.04 1015.00
8670870 20120905 17:00 5.054 129.000 6.803 84.38 82.22 1014.70
8670870 20120905 18:00 5.637 124.000 9.330 84.20 82.94 1014.40
8670870 20120905 19:00 6.803 141.000 11.080 84.92 82.22 1013.40
#8670870 20120905 20:00
8670870 20120905 21:00 8.942 139.000 13.607 84.74 83.12 1012.60
8670870 20120905 22:00 4.665 155.000 7.775 84.74 83.48 1012.70
8670870 20120905 23:00 5.832 154.000 10.302 82.76 83.48 1012.70
8670870 20120906 00:00 3.888 154.000 7.775 81.14 83.48 1013.00
8670870 20120906 01:00 3.888 165.000 9.330 80.96 83.12 1013.30
8670870 20120906 02:00 5.054 165.000 9.330 81.14 82.76 1013.40
8670870 20120906 03:00 7.970 201.000 11.080 81.68 82.58 1013.70
8670870 20120906 04:00 5.832 246.000 8.164 80.42 82.40 1014.10
8670870 20120906 05:00 4.471 251.000 6.803 79.88 82.40 1014.30
8670870 20120906 06:00 2.916 218.000 5.054 79.52 82.40 1013.90
8670870 20120906 07:00 3.499 237.000 4.665 79.34 82.58 1013.70
8670870 20120906 08:00 3.305 245.000 4.665 79.34 82.58 1013.50
8670870 20120906 09:00 4.082 261.000 5.443 78.44 82.58 1013.50
8670870 20120906 10:00 4.082 242.000 4.665 77.54 82.58 1013.60
8670870 20120906 11:00 1.555 253.000 2.138 77.18 82.58 1014.20
8670870 20120906 12:00 2.527 216.000 2.916 77.54 82.40 1014.70
8670870 20120906 13:00 3.305 223.000 4.860 79.88 82.58 1014.90
8670870 20120906 14:00 2.527 228.000 4.276 82.58 82.58 1015.10
8670870 20120906 15:00 4.276 274.000 8.553 83.66 82.40 1015.40
8670870 20120906 16:00 5.637 245.000 7.970 85.28 82.40 1015.60
8670870 20120906 17:00 4.082 238.000 6.998 87.26 82.58 1015.20
8670870 20120906 18:00 5.637 293.000 7.387 85.64 82.40 1014.60
8670870 20120906 19:00 5.637 198.000 7.775 87.98 82.58 1013.80
8670870 20120906 20:00 5.248 176.000 11.469 86.90 82.94 1013.20
8670870 20120906 21:00 5.832 168.000 10.886 85.82 83.84 1012.60
8670870 20120906 22:00 6.026 170.000 10.691 84.56 83.48 1012.50
8670870 20120906 23:00 4.276 167.000 7.970 83.48 83.48 1012.70
8670870 20120907 00:00 3.305 172.000 7.970 82.04 83.48 1013.00
8670870 20120907 01:00 9.136 196.000 15.551 82.04 83.30 1013.20
8670870 20120907 02:00 5.637 191.000 9.136 81.86 82.94 1013.50
8670870 20120907 03:00 7.581 198.000 11.469 81.86 82.58 1013.70
8670870 20120907 04:00 10.302 200.000 15.745 80.78 82.40 1013.70
8670870 20120907 05:00 6.026 233.000 8.553 79.88 82.40 1013.50
8670870 20120907 06:00 4.665 205.000 6.026 79.52 82.40 1013.30
8670870 20120907 07:00 5.443 210.000 8.553 79.34 82.58 1012.70
8670870 20120907 08:00 5.443 245.000 7.192 78.80 82.58 1012.70
8670870 20120907 09:00 5.054 245.000 7.581 77.72 82.58 1012.60
8670870 20120907 10:00 5.248 245.000 7.192 77.18 82.58 1012.60
8670870 20120907 11:00 7.387 252.000 9.136 76.82 82.58 1012.90
8670870 20120907 12:00 7.775 265.000 10.302 77.72 82.58 1013.40
8670870 20120907 13:00 8.359 276.000 9.525 79.16 82.58 1013.60
8670870 20120907 14:00 8.747 300.000 9.719 81.68 82.58 1014.20
8670870 20120907 15:00 6.803 277.000 7.775 84.20 82.40 1014.30
8670870 20120907 16:00 3.888 264.000 5.054 86.00 82.40 1013.90
8670870 20120907 17:00 5.443 115.000 8.747 85.46 82.40 1013.40
8670870 20120907 18:00 5.443 129.000 9.525 86.00 82.40 1013.00
8670870 20120907 19:00 1.944 66.000 3.110 78.44 82.58 1012.40
8670870 20120907 20:00 5.248 215.000 7.775 84.56 82.40 1011.60
8670870 20120907 21:00 4.082 190.000 7.775 83.66 83.30 1011.30
8670870 20120907 22:00 3.888 154.000 6.998 84.74 83.30 1011.10
8670870 20120907 23:00 6.220 146.000 9.914 83.30 83.12 1011.30
8670870 20120908 00:00 5.637 158.000 8.747 82.04 83.30 1011.70
8670870 20120908 01:00 12.052 221.000 20.605 78.26 83.12 1012.20
8670870 20120908 02:00 1.166 227.000 2.721 76.28 83.12 1011.70
8670870 20120908 03:00 3.305 174.000 8.164 79.70 82.94 1011.20
8670870 20120908 04:00 8.359 201.000 12.441 81.50 82.58 1011.30
8670870 20120908 05:00 7.970 204.000 11.469 80.60 82.58 1010.60
8670870 20120908 06:00 6.220 223.000 9.330 79.52 82.58 1010.60
8670870 20120908 07:00 6.415 240.000 8.942 78.80 82.58 1010.70
8670870 20120908 08:00 8.164 244.000 11.469 78.08 82.58 1010.90
8670870 20120908 09:00 5.443 240.000 8.553 77.54 82.22 1010.90
8670870 20120908 10:00 4.471 225.000 7.775 77.00 82.40 1010.80
8670870 20120908 11:00 4.471 222.000 6.998 77.00 82.40 1011.00
8670870 20120908 12:00 5.248 236.000 7.581 77.54 82.22 1011.40
8670870 20120908 13:00 6.609 250.000 9.330 79.52 82.58 1011.60
8670870 20120908 14:00 7.192 244.000 10.108 80.96 82.40 1011.70
8670870 20120908 15:00 7.192 239.000 10.691 83.84 82.40 1011.80
8670870 20120908 16:00 6.998 246.000 10.302 84.38 82.40 1011.60
8670870 20120908 17:00 8.359 207.000 11.469 86.18 82.40 1010.50
8670870 20120908 18:00 8.942 173.000 16.523 84.02 82.40 1009.90
8670870 20120908 19:00 7.581 184.000 13.412 81.32 82.40 1009.50
8670870 20120908 20:00 9.914 193.000 16.911 83.12 82.58 1008.80
8670870 20120908 21:00 11.080 198.000 16.328 81.50 82.58 1008.60
8670870 20120908 22:00 6.609 237.000 10.691 76.46 83.48 1009.50
8670870 20120908 23:00 7.581 207.000 11.274 76.46 83.12 1009.40
8670870 20120909 00:00 5.443 227.000 8.747 77.00 82.94 1009.40
8670870 20120909 01:00 8.164 216.000 11.663 77.18 82.94 1009.00
8670870 20120909 02:00 6.415 226.000 10.302 77.36 82.94 1009.90
8670870 20120909 03:00 5.443 234.000 7.581 76.82 82.76 1010.40
8670870 20120909 04:00 7.192 226.000 10.108 76.64 82.76 1009.90
8670870 20120909 05:00 6.026 220.000 9.914 76.28 82.58 1009.00
8670870 20120909 06:00 8.942 213.000 14.773 77.36 82.40 1008.90
8670870 20120909 07:00 5.443 225.000 9.525 77.00 82.40 1008.30
8670870 20120909 08:00 6.998 227.000 10.302 76.82 82.58 1008.00
8670870 20120909 09:00 7.970 239.000 10.302 76.64 82.40 1008.40
8670870 20120909 10:00 10.108 269.000 12.441 76.46 82.04 1008.50
8670870 20120909 11:00 10.302 283.000 11.857 76.64 82.22 1008.70
8670870 20120909 12:00 12.441 304.000 14.579 75.92 82.22 1009.00
8670870 20120909 13:00 9.330 323.000 11.663 75.74 82.22 1009.50
8670870 20120909 14:00 6.415 298.000 6.998 75.74 82.40 1010.30
#8670870 20120909 15:00
8670870 20120909 16:00 7.970 327.000 9.914 77.54 82.40 1011.00
8670870 20120909 17:00 7.192 333.000 10.691 78.26 82.40 1010.90
8670870 20120909 18:00 7.192 340.000 10.691 80.42 82.22 1010.80
8670870 20120909 19:00 9.136 333.000 10.886 81.14 82.22 1010.30
8670870 20120909 20:00 12.052 339.000 14.968 81.14 82.40 1010.30
8670870 20120909 21:00 11.080 351.000 13.024 80.24 82.40 1010.70
8670870 20120909 22:00 9.719 355.000 11.080 79.34 82.40 1011.30
8670870 20120909 23:00 6.998 7.000 8.553 77.90 82.76 1011.70
8670870 20120910 00:00 6.220 337.000 7.775 77.00 82.76 1012.40
8670870 20120910 01:00 3.499 345.000 4.665 75.74 82.58 1013.00
8670870 20120910 02:00 4.276 356.000 5.443 75.02 82.40 1013.60
8670870 20120910 03:00 4.665 355.000 5.637 74.84 82.58 1014.10
8670870 20120910 04:00 5.248 354.000 6.803 74.48 82.40 1014.60
8670870 20120910 05:00 5.637 3.000 6.803 74.84 82.40 1014.60
8670870 20120910 06:00 6.803 4.000 8.553 73.94 82.22 1014.60
8670870 20120910 07:00 8.747 30.000 12.052 75.20 82.22 1014.40
8670870 20120910 08:00 7.775 20.000 9.719 75.38 81.86 1014.20
8670870 20120910 09:00 7.192 359.000 8.747 72.86 81.68 1014.40
8670870 20120910 10:00 5.248 334.000 6.415 71.06 81.86 1015.10
8670870 20120910 11:00 4.860 344.000 6.220 69.98 81.14 1015.70
8670870 20120910 12:00 6.609 356.000 9.136 71.78 81.32 1016.70
8670870 20120910 13:00 7.581 360.000 10.108 73.58 81.32 1016.90
8670870 20120910 14:00 11.469 11.000 14.579 74.66 81.50 1017.40
8670870 20120910 15:00 12.052 19.000 13.996 76.82 81.86 1017.90
8670870 20120910 16:00 10.302 15.000 13.607 77.90 81.86 1018.00
8670870 20120910 17:00 14.190 57.000 15.939 78.44 81.86 1017.90
8670870 20120910 18:00 16.328 71.000 19.050 78.98 81.68 1017.60
8670870 20120910 19:00 11.274 83.000 13.412 79.70 81.50 1017.30
8670870 20120910 20:00 10.302 80.000 13.024 79.88 81.50 1017.10
8670870 20120910 21:00 9.914 86.000 12.246 79.88 81.50 1017.30
8670870 20120910 22:00 7.581 106.000 10.302 79.52 81.50 1017.40
8670870 20120910 23:00 6.415 107.000 8.747 79.16 81.68 1017.90
8670870 20120911 00:00 4.665 115.000 6.026 77.18 81.68 1018.20
8670870 20120911 01:00 5.054 107.000 6.220 77.18 81.68 1018.70
8670870 20120911 02:00 7.970 81.000 10.691 78.26 81.68 1019.20
8670870 20120911 03:00 7.775 64.000 10.108 78.80 81.50 1019.30
8670870 20120911 04:00 6.220 48.000 7.192 78.44 81.68 1019.30
8670870 20120911 05:00 5.637 13.000 6.998 75.74 81.50 1019.30
8670870 20120911 06:00 8.942 29.000 14.190 77.90 81.50 1019.30
8670870 20120911 07:00 7.775 15.000 9.330 75.92 81.32 1019.20
8670870 20120911 08:00 14.579 77.000 16.523 78.26 81.32 1019.20
8670870 20120911 09:00 10.886 81.000 12.052 78.26 80.78 1019.50
8670870 20120911 10:00 8.359 73.000 10.497 78.08 80.96 1019.90
8670870 20120911 11:00 6.609 9.000 8.747 75.74 80.96 1020.40
8670870 20120911 12:00 7.387 360.000 9.330 75.20 80.42 1021.30
8670870 20120911 13:00 12.052 20.000 16.717 76.28 80.78 1021.80
8670870 20120911 14:00 12.441 36.000 15.745 77.36 80.96 1022.50
8670870 20120911 15:00 17.883 42.000 25.076 77.72 81.14 1023.30
8670870 20120911 16:00 17.495 43.000 21.577 78.08 80.96 1023.40
8670870 20120911 17:00 19.244 57.000 22.937 78.44 81.32 1023.50
8670870 20120911 18:00 16.911 45.000 21.577 78.98 80.96 1023.10
8670870 20120911 19:00 18.078 55.000 21.577 78.62 80.60 1022.60
8670870 20120911 20:00 17.300 57.000 21.188 78.98 80.06 1022.10
8670870 20120911 21:00 17.300 62.000 21.771 78.44 80.24 1022.10
8670870 20120911 22:00 18.272 68.000 21.382 78.44 80.24 1022.00
8670870 20120911 23:00 20.022 67.000 22.743 78.26 80.24 1022.10
8670870 20120912 00:00 17.883 63.000 22.354 77.72 80.24 1022.10
8670870 20120912 01:00 15.745 52.000 19.050 77.36 80.06 1022.70
8670870 20120912 02:00 18.466 59.000 21.965 77.54 80.42 1023.20
8670870 20120912 03:00 17.300 68.000 21.188 77.90 80.42 1023.40
8670870 20120912 04:00 13.024 57.000 16.911 77.36 80.42 1023.60
8670870 20120912 05:00 17.495 66.000 19.633 77.18 79.70 1023.40
8670870 20120912 06:00 16.717 63.000 19.244 77.00 79.88 1023.10
8670870 20120912 07:00 15.745 57.000 17.883 76.64 79.16 1022.60
8670870 20120912 08:00 14.384 51.000 16.911 76.46 79.34 1022.10
8670870 20120912 09:00 9.525 36.000 11.857 75.02 79.16 1021.90
8670870 20120912 10:00 9.914 28.000 13.218 74.30 78.62 1022.30
8670870 20120912 11:00 11.274 33.000 14.579 73.94 78.62 1022.80
8670870 20120912 12:00 12.829 26.000 16.134 73.94 78.80 1023.50
8670870 20120912 13:00 10.886 32.000 13.607 74.30 78.80 1023.90
8670870 20120912 14:00 14.384 34.000 16.911 75.56 79.16 1024.30
8670870 20120912 15:00 15.939 44.000 21.771 76.46 79.70 1024.60
8670870 20120912 16:00 16.523 42.000 20.022 76.46 80.06 1024.80
8670870 20120912 17:00 15.551 53.000 18.855 77.18 80.06 1024.50
8670870 20120912 18:00 19.633 65.000 22.743 77.18 80.42 1024.10
8670870 20120912 19:00 17.495 63.000 19.827 77.00 79.70 1023.40
8670870 20120912 20:00 15.745 62.000 18.272 77.18 78.62 1023.10
8670870 20120912 21:00 15.939 64.000 17.883 77.54 78.62 1022.80
8670870 20120912 22:00 14.384 57.000 16.717 77.72 78.44 1022.70
8670870 20120912 23:00 16.134 64.000 18.466 77.36 78.62 1022.60
8670870 20120913 00:00 14.968 62.000 17.689 76.82 78.62 1022.60
8670870 20120913 01:00 14.968 54.000 18.272 76.46 78.80 1023.10
8670870 20120913 02:00 14.579 53.000 18.661 76.64 78.98 1023.10
8670870 20120913 03:00 13.218 47.000 16.328 76.64 79.34 1023.10
8670870 20120913 04:00 10.302 24.000 13.218 75.38 79.52 1022.80
8670870 20120913 05:00 11.663 29.000 15.939 74.48 79.70 1022.70
8670870 20120913 06:00 8.164 26.000 10.886 74.12 79.52 1022.40
8670870 20120913 07:00 6.220 359.000 7.387 72.50 79.16 1021.90
8670870 20120913 08:00 7.775 355.000 8.942 71.96 78.98 1021.50
#8670870 20120913 09:00     71.60 78.44 1021.30
8670870 20120913 10:00 8.942 6.000 11.080 71.96 78.08 1021.50
8670870 20120913 11:00 7.970 26.000 10.497 73.94 77.72 1022.00
8670870 20120913 12:00 10.691 34.000 14.384 73.76 77.90 1022.50
8670870 20120913 13:00 11.469 22.000 14.773 73.04 78.08 1023.10
8670870 20120913 14:00 9.719 53.000 13.607 74.30 78.08 1023.40
8670870 20120913 15:00 9.914 24.000 12.829 74.12 78.80 1023.50
8670870 20120913 16:00 12.441 38.000 16.134 75.38 79.16 1023.60
8670870 20120913 17:00 10.302 26.000 13.996 75.38 79.34 1023.20
8670870 20120913 18:00 14.579 35.000 17.689 76.82 79.52 1022.50
8670870 20120913 19:00 16.523 48.000 20.605 77.18 79.52 1022.00
8670870 20120913 20:00 19.050 57.000 22.354 78.08 78.62 1021.40
8670870 20120913 21:00 16.717 57.000 19.827 77.90 77.72 1021.10
8670870 20120913 22:00 15.162 55.000 19.633 78.08 77.72 1021.00
8670870 20120913 23:00 15.356 60.000 18.855 77.72 77.54 1021.30
8670870 20120914 00:00 16.134 49.000 21.382 77.72 77.54 1021.00
8670870 20120914 01:00 11.663 39.000 15.162 77.72 77.54 1021.10
8670870 20120914 02:00 11.663 48.000 13.996 77.72 77.54 1021.50
8670870 20120914 03:00 12.246 51.000 15.356 78.26 78.08 1021.70
8670870 20120914 04:00 13.412 57.000 16.328 78.26 78.44 1021.50
8670870 20120914 05:00 9.330 24.000 12.246 75.56 78.62 1021.30
8670870 20120914 06:00 6.609 3.000 8.553 74.30 78.80 1021.10
8670870 20120914 07:00 5.443 360.000 6.415 73.22 78.62 1020.80
8670870 20120914 08:00 7.970 9.000 10.108 72.50 78.44 1020.50
8670870 20120914 09:00 8.359 15.000 10.497 72.68 77.72 1020.10
8670870 20120914 10:00 10.497 9.000 13.412 73.04 77.00 1020.10
8670870 20120914 11:00 11.469 15.000 15.162 73.22 77.00 1020.10
8670870 20120914 12:00 9.525 18.000 12.052 73.22 76.82 1020.60
8670870 20120914 13:00 9.719 25.000 14.384 74.66 77.00 1020.80
8670870 20120914 14:00 13.412 51.000 17.495 75.92 77.18 1021.00
8670870 20120914 15:00 9.136 43.000 10.691 76.28 77.54 1021.50
8670870 20120914 16:00 13.218 55.000 16.328 76.64 78.08 1021.00
8670870 20120914 17:00 9.719 50.000 12.635 76.82 78.44 1020.50
8670870 20120914 18:00 8.942 57.000 11.469 77.72 78.98 1020.50
8670870 20120914 19:00 11.663 69.000 13.218 78.08 79.34 1019.80
8670870 20120914 20:00 12.246 65.000 14.773 78.44 78.62 1019.40
8670870 20120914 21:00 11.080 69.000 12.246 78.80 77.72 1019.00
8670870 20120914 22:00 10.691 79.000 11.663 79.16 77.54 1019.20
8670870 20120914 23:00 8.747 59.000 10.108 78.98 77.54 1019.20
8670870 20120915 00:00 5.637 37.000 6.998 78.08 77.54 1019.40
8670870 20120915 01:00 5.054 41.000 6.220 77.72 77.54 1019.80
8670870 20120915 02:00 6.998 57.000 8.359 78.08 77.54 1020.00
8670870 20120915 03:00 4.665 24.000 5.443 77.36 77.54 1020.10
8670870 20120915 04:00 4.471 4.000 6.026 75.92 78.26 1019.90
8670870 20120915 05:00 4.082 18.000 5.248 76.10 78.44 1019.60
8670870 20120915 06:00 3.110 33.000 4.082 76.82 78.62 1019.40
8670870 20120915 07:00 2.721 352.000 3.499 74.66 78.62 1019.00
8670870 20120915 08:00 4.860 345.000 6.220 73.04 78.62 1018.70
8670870 20120915 09:00 4.665 337.000 5.832 73.22 78.08 1018.80
8670870 20120915 10:00 5.054 342.000 6.026 72.50 77.72 1019.10
8670870 20120915 11:00 5.637 358.000 7.387 72.32 77.54 1019.60
#8670870 20120915 12:00    72.68 77.36 1020.30
8670870 20120915 13:00 5.832 1.000 7.192 74.30 77.54 1020.70
8670870 20120915 14:00 7.387 7.000 9.136 76.10 77.54 1020.70
8670870 20120915 15:00 6.803 9.000 9.330 77.54 77.72 1020.80
8670870 20120915 16:00 3.888 45.000 5.443 78.26 78.26 1020.30
8670870 20120915 17:00 8.359 80.000 9.136 78.62 78.62 1020.00
8670870 20120915 18:00 9.136 82.000 10.691 78.62 78.98 1019.40
8670870 20120915 19:00 10.691 84.000 12.052 78.80 79.34 1018.90
8670870 20120915 20:00 8.359 77.000 10.497 79.34 79.52 1018.50
8670870 20120915 21:00 8.942 86.000 10.302 79.88 78.98 1018.20
8670870 20120915 22:00 6.998 101.000 8.553 80.24 78.62 1018.20
8670870 20120915 23:00 3.888 119.000 5.248 78.98 78.44 1018.30
8670870 20120916 00:00 3.305 123.000 3.693 76.82 78.26 1018.20
8670870 20120916 01:00 2.916 125.000 3.693 76.64 78.26 1018.50
8670870 20120916 02:00 2.333 128.000 2.916 76.28 78.44 1018.70
8670870 20120916 03:00 3.499 125.000 4.082 76.10 78.44 1018.90
8670870 20120916 04:00 2.916 122.000 3.499 75.74 78.62 1018.90
8670870 20120916 05:00 2.333 108.000 3.110 75.74 78.80 1018.80
8670870 20120916 06:00 3.499 123.000 4.665 75.92 78.80 1018.70
8670870 20120916 07:00 2.721 136.000 3.110 75.20 78.80 1018.10
8670870 20120916 08:00 0.194 69.000 0.389 75.56 78.98 1017.70
8670870 20120916 09:00 3.693 308.000 4.276 73.94 78.80 1017.70
8670870 20120916 10:00 5.248 346.000 6.415 73.04 78.62 1017.90
8670870 20120916 11:00 3.110 335.000 3.693 72.86 78.44 1018.40
8670870 20120916 12:00 3.888 295.000 4.665 73.04 78.26 1018.70
8670870 20120916 13:00 1.555 287.000 3.305 75.92 78.26 1018.80
8670870 20120916 14:00 3.693 23.000 4.860 77.36 78.26 1019.30
8670870 20120916 15:00 5.637 29.000 7.387 78.08 78.44 1019.20
8670870 20120916 16:00 5.832 59.000 8.942 78.98 78.44 1019.20
8670870 20120916 17:00 9.136 70.000 10.108 78.62 78.80 1018.80
8670870 20120916 18:00 9.525 73.000 11.080 79.34 79.52 1018.30
8670870 20120916 19:00 10.108 68.000 11.663 79.34 79.52 1017.40
8670870 20120916 20:00 10.302 78.000 12.052 79.70 79.70 1016.90
8670870 20120916 21:00 9.330 76.000 10.497 79.70 79.88 1016.60
8670870 20120916 22:00 7.387 95.000 9.136 81.32 79.34 1016.60
8670870 20120916 23:00 4.665 123.000 6.415 79.34 79.52 1016.70
8670870 20120917 00:00 2.527 133.000 4.082 78.26 79.34 1016.70
8670870 20120917 01:00 2.916 129.000 3.888 77.90 79.16 1017.10
8670870 20120917 02:00 3.693 135.000 5.054 78.44 79.16 1017.60
8670870 20120917 03:00 3.305 138.000 5.248 78.08 79.16 1017.70
8670870 20120917 04:00 1.944 147.000 3.305 77.00 79.16 1017.50
8670870 20120917 05:00 1.749 131.000 2.138 76.82 79.34 1017.50
8670870 20120917 06:00 1.361 114.000 2.333 76.64 79.34 1017.30
8670870 20120917 07:00 1.944 140.000 2.333 76.46 79.34 1017.00
8670870 20120917 08:00 1.166 161.000 1.944 75.92 79.34 1016.70
8670870 20120917 09:00 0.389 194.000 0.583 76.10 79.34 1016.50
8670870 20120917 10:00 1.166 154.000 1.555 75.56 79.34 1016.20
8670870 20120917 11:00 2.721 138.000 3.499 76.10 79.34 1016.30
8670870 20120917 12:00 2.916 110.000 3.693 77.90 78.98 1016.60
8670870 20120917 13:00 4.471 135.000 6.026 80.42 78.98 1017.00
8670870 20120917 14:00 6.415 141.000 8.747 80.96 78.98 1017.30
8670870 20120917 15:00 6.415 119.000 11.274 81.50 78.98 1017.40
8670870 20120917 16:00 5.832 112.000 9.136 81.68 78.98 1016.90
8670870 20120917 17:00 8.359 112.000 11.663 81.68 79.16 1016.40
8670870 20120917 18:00 6.609 150.000 11.469 82.76 79.88 1015.70
8670870 20120917 19:00 6.998 121.000 12.052 82.04 80.06 1014.60
8670870 20120917 20:00 8.553 132.000 12.246 82.22 80.06 1014.10
8670870 20120917 21:00 8.942 139.000 13.607 81.68 80.06 1013.90
8670870 20120917 22:00 8.164 136.000 13.412 81.68 80.24 1013.60
8670870 20120917 23:00 5.054 140.000 8.747 80.60 79.88 1013.10
8670870 20120918 00:00 6.803 124.000 9.719 80.06 80.06 1013.20
8670870 20120918 01:00 7.387 145.000 12.441 80.60 79.88 1013.50
8670870 20120918 02:00 7.970 156.000 13.218 80.60 79.70 1013.50
8670870 20120918 03:00 8.553 148.000 13.412 80.60 79.70 1013.30
8670870 20120918 04:00 8.359 152.000 19.050 80.42 79.88 1013.00
8670870 20120918 05:00 9.136 159.000 19.827 80.42 79.70 1012.80
8670870 20120918 06:00 6.998 162.000 14.190 80.24 79.88 1012.40
8670870 20120918 07:00 7.192 167.000 12.829 79.88 79.70 1011.50
8670870 20120918 08:00 8.164 156.000 15.162 78.98 79.70 1010.30
8670870 20120918 09:00 8.164 166.000 15.162 79.88 79.52 1010.50
8670870 20120918 10:00 10.497 172.000 21.188 79.52 79.52 1009.90
8670870 20120918 11:00 10.691 191.000 16.328 78.62 79.70 1009.80
8670870 20120918 12:00 13.218 202.000 19.244 79.34 79.52 1010.00
8670870 20120918 13:00 15.162 197.000 24.492 80.06 79.16 1010.10
8670870 20120918 14:00 12.441 197.000 19.244 80.42 78.98 1010.00
8670870 20120918 15:00 10.302 219.000 19.050 79.88 78.80 1010.60
8670870 20120918 16:00 12.052 210.000 20.605 78.62 78.98 1010.50
8670870 20120918 17:00 13.218 213.000 23.909 79.34 79.16 1010.50
8670870 20120918 18:00 11.663 226.000 17.106 77.36 79.34 1009.10
8670870 20120918 19:00 7.581 208.000 12.829 77.00 79.52 1008.10
8670870 20120918 20:00 8.164 220.000 13.024 76.64 79.52 1008.50
8670870 20120918 21:00 8.942 205.000 13.607 76.82 79.52 1008.30
8670870 20120918 22:00 7.775 237.000 12.635 76.64 79.52 1009.00
8670870 20120918 23:00 4.665 203.000 6.415 76.10 79.34 1008.70
8670870 20120919 00:00 4.276 223.000 6.415 75.74 79.34 1008.80
8670870 20120919 01:00 5.637 203.000 8.553 75.56 78.98 1009.00
8670870 20120919 02:00 7.387 205.000 10.691 75.92 78.98 1009.30
8670870 20120919 03:00 8.359 221.000 13.412 75.74 78.80 1010.10
8670870 20120919 04:00 8.942 222.000 14.968 75.02 78.80 1010.70
8670870 20120919 05:00 7.192 238.000 10.691 74.48 78.98 1010.70
8670870 20120919 06:00 7.581 241.000 10.302 73.94 78.80 1011.00
8670870 20120919 07:00 5.637 236.000 8.359 73.22 78.98 1010.70
8670870 20120919 08:00 5.832 239.000 8.942 72.68 78.98 1010.80
8670870 20120919 09:00 9.525 261.000 12.635 72.32 78.98 1011.00
8670870 20120919 10:00 10.691 278.000 12.246 71.96 78.80 1011.40
8670870 20120919 11:00 10.302 277.000 12.052 71.24 78.62 1012.20
8670870 20120919 12:00 8.942 290.000 11.080 71.60 78.80 1013.00
8670870 20120919 13:00 10.108 292.000 11.469 70.70 78.08 1013.70
8670870 20120919 14:00 6.609 294.000 8.747 71.24 78.26 1014.30
8670870 20120919 15:00 6.803 296.000 8.747 71.24 78.26 1014.80
8670870 20120919 16:00 9.914 317.000 13.801 72.68 78.26 1015.00
8670870 20120919 17:00 7.775 314.000 11.469 73.76 78.26 1015.40
8670870 20120919 18:00 5.054 336.000 7.775 75.02 78.26 1015.10
8670870 20120919 19:00 4.276 277.000 5.443 77.18 78.80 1014.80
8670870 20120919 20:00 2.916 303.000 4.471 79.70 79.16 1014.40
8670870 20120919 21:00 5.443 281.000 6.415 81.86 79.34 1014.50
8670870 20120919 22:00 3.693 117.000 4.471 79.88 79.16 1014.90
8670870 20120919 23:00 1.361 65.000 2.138 79.70 79.16 1015.30
8670870 20120920 00:00 8.942 16.000 11.469 78.44 78.98 1015.70
8670870 20120920 01:00 12.441 38.000 14.968 76.10 78.98 1016.20
8670870 20120920 02:00 13.024 37.000 16.523 73.58 78.80 1016.90
8670870 20120920 03:00 8.942 35.000 11.663 72.50 78.80 1017.60
8670870 20120920 04:00 8.747 23.000 10.497 72.50 78.80 1018.00
8670870 20120920 05:00 8.164 27.000 10.108 71.96 78.62 1017.70
8670870 20120920 06:00 7.775 19.000 9.525 71.60 78.62 1017.30
8670870 20120920 07:00 6.220 12.000 7.775 71.78 78.44 1017.00
8670870 20120920 08:00 7.192 6.000 9.330 70.88 78.62 1016.60
8670870 20120920 09:00 5.832 359.000 8.164 70.16 78.62 1016.90
8670870 20120920 10:00 6.803 360.000 8.553 69.26 78.44 1017.50
8670870 20120920 11:00 5.637 356.000 6.998 68.90 78.44 1018.10
8670870 20120920 12:00 8.164 7.000 10.886 68.54 78.26 1018.30
8670870 20120920 13:00 8.942 1.000 11.469 69.08 78.26 1018.50
8670870 20120920 14:00 8.942 21.000 11.663 70.70 77.90 1018.60
8670870 20120920 15:00 9.719 29.000 12.829 72.32 77.90 1018.70
8670870 20120920 16:00 10.497 71.000 11.857 73.40 78.08 1018.70
8670870 20120920 17:00 9.914 74.000 11.857 73.76 78.08 1018.30
8670870 20120920 18:00 9.330 59.000 11.469 74.84 78.08 1017.70
8670870 20120920 19:00 6.998 59.000 8.553 74.66 78.08 1017.20
8670870 20120920 20:00 6.803 54.000 7.775 75.20 78.26 1016.60
8670870 20120920 21:00 3.693 79.000 6.220 75.92 78.62 1016.80
8670870 20120920 22:00 6.220 72.000 7.387 75.74 78.62 1016.70
8670870 20120920 23:00 5.832 47.000 7.387 75.92 78.62 1016.60
8670870 20120921 00:00 7.387 54.000 9.330 75.74 78.44 1016.50
8670870 20120921 01:00 8.553 73.000 9.719 75.92 78.26 1017.10
8670870 20120921 02:00 9.330 61.000 11.469 76.28 78.26 1017.40
8670870 20120921 03:00 11.469 67.000 13.412 76.28 77.90 1017.60
8670870 20120921 04:00 8.359 66.000 9.914 76.64 77.90 1017.60
8670870 20120921 05:00 9.914 63.000 11.080 76.82 77.90 1017.20
8670870 20120921 06:00 6.220 353.000 7.581 74.48 77.90 1017.00
8670870 20120921 07:00 6.609 357.000 8.359 73.94 77.90 1016.90
8670870 20120921 08:00 5.443 4.000 6.803 73.58 77.90 1016.60
8670870 20120921 09:00 5.443 7.000 8.942 73.58 78.08 1016.60
8670870 20120921 10:00 5.832 2.000 7.387 72.68 78.08 1017.00
8670870 20120921 11:00 6.026 4.000 7.387 71.78 78.08 1016.90
8670870 20120921 12:00 6.415 7.000 8.359 71.24 78.08 1017.40
8670870 20120921 13:00 7.581 12.000 9.136 72.68 77.90 1017.60
8670870 20120921 14:00 6.609 30.000 8.164 74.12 77.72 1017.80
8670870 20120921 15:00 10.108 68.000 10.886 75.02 77.36 1018.00
8670870 20120921 16:00 10.108 64.000 11.469 75.56 77.72 1017.70
8670870 20120921 17:00 10.886 69.000 12.246 75.92 77.72 1017.30
8670870 20120921 18:00 9.136 69.000 11.080 76.46 77.72 1016.80
8670870 20120921 19:00 8.359 72.000 10.108 77.18 77.72 1016.50
8670870 20120921 20:00 9.914 74.000 11.663 77.72 78.08 1016.10
8670870 20120921 21:00 10.497 75.000 12.052 78.08 78.26 1015.80
8670870 20120921 22:00 9.719 82.000 10.886 78.62 78.62 1015.90
8670870 20120921 23:00 9.719 76.000 11.080 77.72 78.62 1015.70
8670870 20120922 00:00 4.860 110.000 7.970 76.46 78.62 1016.10
8670870 20120922 01:00 4.471 114.000 6.803 75.92 78.44 1016.20
8670870 20120922 02:00 4.082 118.000 5.054 75.56 78.44 1016.50
8670870 20120922 03:00 3.305 122.000 4.860 75.56 78.26 1016.30
8670870 20120922 04:00 3.499 133.000 5.443 75.56 78.08 1016.20
8670870 20120922 05:00 1.166 116.000 1.361 75.38 77.90 1015.90
8670870 20120922 06:00 0.778 194.000 0.972 75.02 78.08 1016.00
8670870 20120922 07:00 3.305 306.000 4.276 74.84 78.08 1015.90
8670870 20120922 08:00 4.276 308.000 5.248 73.40 78.08 1015.60
8670870 20120922 09:00 2.916 324.000 3.499 72.50 78.08 1015.50
8670870 20120922 10:00 4.860 327.000 5.832 72.14 78.08 1015.90
8670870 20120922 11:00 5.054 326.000 6.415 70.88 78.08 1016.50
8670870 20120922 12:00 4.471 325.000 6.026 69.44 78.08 1017.00
8670870 20120922 13:00 3.499 292.000 4.082 69.62 78.08 1017.10
8670870 20120922 14:00 4.471 277.000 5.248 73.40 78.08 1017.20
8670870 20120922 15:00 3.110 276.000 3.693 76.82 78.08 1017.50
8670870 20120922 16:00 4.665 261.000 5.443 78.98 77.90 1017.30
8670870 20120922 17:00 3.888 73.000 5.054 80.60 78.08 1016.60
8670870 20120922 18:00 6.026 148.000 10.108 80.96 78.26 1016.00
8670870 20120922 19:00 6.220 141.000 8.747 81.32 78.44 1015.40
8670870 20120922 20:00 6.609 137.000 9.719 81.50 78.26 1014.80
8670870 20120922 21:00 7.970 117.000 11.663 81.32 78.26 1014.60
8670870 20120922 22:00 5.637 141.000 9.914 80.96 78.62 1014.90
8670870 20120922 23:00 3.499 148.000 5.248 78.98 78.80 1015.00
8670870 20120923 00:00 1.944 136.000 3.499 77.00 78.80 1015.00
8670870 20120923 01:00 1.555 152.000 3.693 76.64 78.80 1015.60
8670870 20120923 02:00 2.333 192.000 3.499 76.64 78.80 1016.00
8670870 20120923 03:00 2.138 218.000 3.888 76.46 78.62 1016.10
8670870 20120923 04:00 3.888 205.000 5.443 75.92 78.62 1016.10
8670870 20120923 05:00 2.138 227.000 3.305 75.56 78.26 1016.00
8670870 20120923 06:00 4.471 212.000 6.609 75.20 78.26 1015.90
8670870 20120923 07:00 5.832 225.000 8.747 75.20 78.26 1015.70
8670870 20120923 08:00 5.832 232.000 8.747 75.02 78.26 1015.40
8670870 20120923 09:00 5.637 228.000 8.747 74.30 78.26 1015.10
8670870 20120923 10:00 5.443 247.000 8.164 73.76 78.26 1015.60
8670870 20120923 11:00 6.415 259.000 8.164 72.86 78.26 1016.10
8670870 20120923 12:00 9.914 283.000 11.663 72.32 78.26 1016.50
8670870 20120923 13:00 7.192 312.000 8.747 72.14 78.26 1016.80
8670870 20120923 14:00 6.803 324.000 8.164 73.76 78.26 1017.00
8670870 20120923 15:00 3.305 319.000 4.860 77.18 78.26 1017.10
8670870 20120923 16:00 2.138 86.000 3.499 79.16 78.44 1017.20
8670870 20120923 17:00 9.525 294.000 12.829 81.14 78.26 1017.00
8670870 20120923 18:00 8.164 298.000 11.857 80.96 78.62 1016.50
8670870 20120923 19:00 10.886 332.000 12.635 81.50 78.80 1016.30
8670870 20120923 20:00 9.525 318.000 13.218 81.50 78.80 1015.90
8670870 20120923 21:00 8.942 322.000 11.274 81.68 78.80 1016.10
8670870 20120923 22:00 11.663 317.000 13.607 81.32 78.80 1016.50
8670870 20120923 23:00 6.609 323.000 8.359 79.70 78.98 1016.80
8670870 20120924 00:00 4.471 332.000 5.248 76.64 78.98 1017.40
8670870 20120924 01:00 6.803 301.000 7.775 75.38 78.98 1018.00
8670870 20120924 02:00 5.832 304.000 6.803 73.04 78.62 1018.40
8670870 20120924 03:00 4.471 314.000 5.248 72.32 78.62 1018.40
8670870 20120924 04:00 4.276 1.000 5.443 73.58 78.44 1018.10
8670870 20120924 05:00 3.499 11.000 3.888 73.94 78.44 1017.70
8670870 20120924 06:00 1.361 38.000 1.555 73.94 78.62 1017.60
8670870 20120924 07:00 1.361 317.000 1.555 72.68 78.44 1017.50
8670870 20120924 08:00 7.581 298.000 9.136 65.48 78.44 1017.50
8670870 20120924 09:00 6.803 309.000 7.775 65.84 78.26 1017.90
8670870 20120924 10:00 6.026 319.000 7.192 67.10 78.44 1017.90
8670870 20120924 11:00 5.248 284.000 6.415 65.48 78.26 1018.50
8670870 20120924 12:00 3.888 299.000 5.832 64.58 78.08 1018.70
8670870 20120924 13:00 2.527 340.000 3.499 69.98 77.90 1019.20
8670870 20120924 14:00 3.693 51.000 4.471 73.76 78.08 1019.50
8670870 20120924 15:00 7.970 47.000 9.914 76.10 78.08 1019.70
8670870 20120924 16:00 10.302 58.000 12.829 77.36 78.26 1019.50
8670870 20120924 17:00 11.274 70.000 13.024 77.54 78.26 1019.60
8670870 20120924 18:00 12.246 66.000 13.412 77.72 78.44 1019.60
8670870 20120924 19:00 15.745 79.000 19.633 77.18 78.62 1019.20
8670870 20120924 20:00 17.883 67.000 19.827 76.64 78.80 1018.90
8670870 20120924 21:00 18.272 78.000 20.022 75.92 78.80 1019.10
8670870 20120924 22:00 15.939 73.000 18.855 76.46 78.62 1019.10
8670870 20120924 23:00 14.579 74.000 16.717 76.10 78.62 1019.30
8670870 20120925 00:00 14.968 69.000 17.883 75.92 78.26 1019.40
8670870 20120925 01:00 14.190 64.000 16.328 75.92 78.26 1019.90
8670870 20120925 02:00 14.579 76.000 17.495 75.74 78.08 1020.10
8670870 20120925 03:00 14.773 80.000 16.328 75.74 77.90 1020.30
8670870 20120925 04:00 14.968 71.000 18.661 75.74 77.90 1020.50
8670870 20120925 05:00 14.190 79.000 17.300 75.56 77.54 1020.50
8670870 20120925 06:00 12.635 63.000 14.579 75.56 77.90 1020.40
8670870 20120925 07:00 13.607 68.000 15.939 75.20 77.72 1019.90
8670870 20120925 08:00 11.663 65.000 14.773 75.20 77.54 1019.80
8670870 20120925 09:00 8.747 24.000 12.052 73.58 77.36 1019.80
8670870 20120925 10:00 8.164 29.000 10.302 73.22 77.18 1020.40
8670870 20120925 11:00 11.080 57.000 13.024 74.12 77.54 1021.00
8670870 20120925 12:00 10.886 50.000 13.801 74.30 77.18 1021.60
8670870 20120925 13:00 9.719 50.000 14.190 74.84 77.36 1022.00
8670870 20120925 14:00 14.384 56.000 17.495 74.66 77.36 1022.20
8670870 20120925 15:00 14.773 55.000 17.883 74.66 77.54 1022.50
8670870 20120925 16:00 13.607 58.000 17.495 74.66 77.72 1022.70
8670870 20120925 17:00 14.579 48.000 17.689 74.66 77.72 1022.30
8670870 20120925 18:00 11.663 43.000 13.996 75.20 77.72 1021.80
8670870 20120925 19:00 11.663 67.000 14.384 75.02 76.82 1021.50
8670870 20120925 20:00 13.607 65.000 16.717 75.38 77.18 1021.00
8670870 20120925 21:00 9.330 67.000 10.691 75.56 77.18 1020.90
8670870 20120925 22:00 9.136 40.000 11.663 75.74 77.18 1021.20
8670870 20120925 23:00 8.942 34.000 12.052 75.38 77.18 1021.20
8670870 20120926 00:00 9.719 21.000 12.441 74.84 77.18 1021.30
8670870 20120926 01:00 9.136 19.000 12.052 74.48 77.18 1021.60
8670870 20120926 02:00 8.553 34.000 11.080 74.48 77.36 1021.80
8670870 20120926 03:00 14.190 66.000 16.911 76.10 77.54 1021.60
8670870 20120926 04:00 13.218 71.000 16.717 75.92 77.54 1021.20
8670870 20120926 05:00 10.886 86.000 12.441 75.56 77.36 1020.70
8670870 20120926 06:00 10.302 71.000 11.663 75.38 77.18 1020.30
8670870 20120926 07:00 9.136 54.000 10.691 75.02 77.00 1020.00
8670870 20120926 08:00 5.832 360.000 6.998 70.88 76.82 1019.80
#8670870 20120926 09:00    70.34 76.64 1020.10
8670870 20120926 10:00 7.775 359.000 10.691 71.42 76.64 1020.50
8670870 20120926 11:00 9.525 7.000 11.274 71.78 76.64 1020.70
8670870 20120926 12:00 4.471 355.000 5.637 71.60 76.64 1021.00
8670870 20120926 13:00 7.581 19.000 9.719 73.94 76.46 1021.50
8670870 20120926 14:00 12.052 46.000 14.190 75.38 77.00 1021.90
8670870 20120926 15:00 12.441 48.000 14.773 75.74 77.18 1022.00
8670870 20120926 16:00 12.635 44.000 16.523 76.28 77.54 1022.00
8670870 20120926 17:00 14.190 58.000 17.106 76.46 77.72 1021.90
8670870 20120926 18:00 12.829 45.000 15.745 77.36 78.08 1021.20
8670870 20120926 19:00 13.996 61.000 16.911 77.54 77.54 1021.00
8670870 20120926 20:00 13.996 64.000 16.328 77.72 77.00 1020.40
8670870 20120926 21:00 15.745 66.000 17.300 78.08 76.82 1019.90
8670870 20120926 22:00 14.579 65.000 16.911 78.08 77.18 1020.00
8670870 20120926 23:00 14.773 85.000 19.050 78.26 77.00 1020.00
8670870 20120927 00:00 15.162 72.000 16.911 78.08 77.00 1020.40
8670870 20120927 01:00 14.773 88.000 18.272 78.08 77.00 1021.00
8670870 20120927 02:00 15.551 92.000 18.078 78.26 77.18 1021.50
8670870 20120927 03:00 9.914 93.000 13.024 78.26 77.36 1021.80
8670870 20120927 04:00 7.387 105.000 10.302 77.90 77.54 1021.40
8670870 20120927 05:00 8.359 89.000 9.914 78.26 77.54 1020.40
8670870 20120927 06:00 2.527 107.000 3.110 77.36 77.54 1020.50
8670870 20120927 07:00 4.082 99.000 6.803 77.90 77.36 1020.20
8670870 20120927 08:00 3.110 108.000 3.888 77.18 77.18 1019.70
8670870 20120927 09:00 2.333 94.000 2.721 76.64 77.18 1019.50
8670870 20120927 10:00 1.555 300.000 2.138 75.92 77.00 1020.20
8670870 20120927 11:00 3.110 9.000 3.499 75.20 77.00 1020.30
8670870 20120927 12:00 4.860 29.000 6.220 76.28 77.00 1020.70
8670870 20120927 13:00 10.302 61.000 11.080 78.08 77.00 1020.90
8670870 20120927 14:00 8.747 60.000 10.302 78.44 77.18 1021.70
8670870 20120927 15:00 7.970 72.000 9.525 78.62 77.36 1021.90
8670870 20120927 16:00 10.497 77.000 11.469 78.44 77.72 1021.50
8670870 20120927 17:00 11.469 78.000 13.607 78.44 78.08 1021.10
8670870 20120927 18:00 13.607 76.000 15.356 78.08 78.26 1020.20
8670870 20120927 19:00 11.080 82.000 13.412 78.62 78.44 1019.20
8670870 20120927 20:00 12.441 91.000 16.134 79.52 78.08 1019.00
8670870 20120927 21:00 13.801 100.000 17.689 79.34 77.72 1018.70
8670870 20120927 22:00 8.747 101.000 12.246 78.26 77.72 1018.70
8670870 20120927 23:00 6.026 102.000 8.553 78.44 77.54 1018.80
8670870 20120928 00:00 5.248 95.000 7.775 77.54 77.54 1018.70
8670870 20120928 01:00 3.499 113.000 4.860 76.82 77.54 1019.30
8670870 20120928 02:00 4.276 112.000 5.248 76.82 77.54 1019.50
8670870 20120928 03:00 3.110 117.000 4.082 76.82 77.72 1019.40
8670870 20120928 04:00 3.305 120.000 3.888 76.64 77.72 1019.30
8670870 20120928 05:00 3.110 120.000 3.693 76.28 77.72 1019.20
8670870 20120928 06:00 1.555 304.000 1.944 75.92 77.72 1018.80
8670870 20120928 07:00 4.082 320.000 5.248 72.32 77.72 1018.30
8670870 20120928 08:00 5.637 318.000 6.609 72.14 77.72 1018.10
8670870 20120928 09:00 4.276 312.000 5.054 70.34 77.72 1018.00
8670870 20120928 10:00 4.665 338.000 6.026 70.70 77.54 1017.90
8670870 20120928 11:00 5.248 338.000 6.998 71.24 77.36 1018.10
8670870 20120928 12:00 2.721 5.000 3.110 72.32 77.36 1018.20
8670870 20120928 13:00 5.832 321.000 6.803 73.76 77.36 1018.90
8670870 20120928 14:00 8.359 340.000 9.719 75.74 77.54 1019.30
8670870 20120928 15:00 7.387 331.000 8.942 78.44 77.54 1019.40
8670870 20120928 16:00 6.998 93.000 7.581 80.24 77.90 1018.90
8670870 20120928 17:00 7.775 90.000 8.553 80.42 78.08 1018.30
8670870 20120928 18:00 8.359 76.000 8.942 79.52 78.26 1017.50
8670870 20120928 19:00 7.775 86.000 9.914 81.50 78.62 1016.80
8670870 20120928 20:00 8.553 95.000 10.886 80.96 78.62 1016.20
8670870 20120928 21:00 6.415 115.000 8.942 80.96 78.26 1015.70
8670870 20120928 22:00 7.387 109.000 9.719 79.88 78.26 1015.80
8670870 20120928 23:00 2.527 128.000 3.693 78.44 78.08 1015.80
8670870 20120929 00:00 3.499 133.000 6.803 77.90 77.90 1016.10
8670870 20120929 01:00 4.665 133.000 6.609 77.90 77.90 1016.10
8670870 20120929 02:00 1.555 142.000 2.527 76.82 78.08 1016.30
8670870 20120929 03:00 1.361 149.000 2.333 75.92 78.08 1016.40
8670870 20120929 04:00 1.555 153.000 2.527 75.92 78.08 1016.20
8670870 20120929 05:00 1.749 246.000 2.138 75.74 78.08 1016.20
8670870 20120929 06:00 2.333 269.000 3.110 75.38 78.08 1015.70
8670870 20120929 07:00 1.555 314.000 1.944 74.12 77.90 1015.30
8670870 20120929 08:00 0.778 289.000 1.166 73.94 77.90 1014.90
8670870 20120929 09:00 3.499 312.000 4.471 72.50 78.08 1014.60
8670870 20120929 10:00 3.888 308.000 4.471 71.78 77.90 1014.60
8670870 20120929 11:00 5.637 312.000 6.415 70.88 77.72 1015.00
8670870 20120929 12:00 2.527 297.000 3.110 71.96 77.72 1015.20
8670870 20120929 13:00 2.721 300.000 3.305 72.50 77.72 1015.50
8670870 20120929 14:00 1.555 296.000 1.944 75.38 77.72 1015.80
8670870 20120929 15:00 3.693 271.000 4.665 76.46 77.90 1015.70
8670870 20120929 16:00 3.499 267.000 3.888 78.98 78.08 1015.10
8670870 20120929 17:00 1.166 161.000 2.721 81.68 78.26 1014.20
8670870 20120929 18:00 4.665 67.000 6.415 80.24 78.44 1013.30
8670870 20120929 19:00 3.305 131.000 5.832 84.20 78.62 1012.30
8670870 20120929 20:00 6.220 162.000 9.525 81.68 78.80 1011.60
8670870 20120929 21:00 4.276 152.000 6.803 81.86 78.62 1011.10
8670870 20120929 22:00 6.220 158.000 9.330 80.96 78.44 1010.80
8670870 20120929 23:00 3.888 158.000 6.803 78.98 78.44 1011.10
8670870 20120930 00:00 2.527 185.000 4.082 78.80 78.26 1011.60
8670870 20120930 01:00 2.527 223.000 3.888 78.26 78.08 1012.80
8670870 20120930 02:00 4.860 336.000 5.443 74.66 78.26 1012.70
8670870 20120930 03:00 1.361 197.000 1.555 74.12 78.26 1012.10
8670870 20120930 04:00 3.305 265.000 4.082 75.92 78.26 1011.90
8670870 20120930 05:00 3.888 268.000 4.665 75.56 78.26 1011.40
8670870 20120930 06:00 4.665 304.000 5.248 74.66 78.26 1011.50
8670870 20120930 07:00 6.220 273.000 6.998 74.84 78.08 1011.30
8670870 20120930 08:00 4.471 304.000 5.248 73.58 78.08 1010.80
8670870 20120930 09:00 3.110 338.000 3.499 73.04 77.90 1011.00
8670870 20120930 10:00 1.166 217.000 1.749 73.22 78.08 1010.70
8670870 20120930 11:00 2.527 294.000 2.916 73.58 78.08 1010.70
8670870 20120930 12:00 1.361 195.000 1.749 73.40 77.90 1011.20
8670870 20120930 13:00 1.555 315.000 1.944 74.48 77.90 1011.50
8670870 20120930 14:00 0.194 205.000 0.583 75.38 77.90 1011.80
8670870 20120930 15:00 1.749 307.000 2.138 76.28 77.90 1011.60
8670870 20120930 16:00 1.555 80.000 2.138 78.08 78.08 1011.50
8670870 20120930 17:00 3.305 118.000 4.665 78.44 78.08 1011.20
8670870 20120930 18:00 1.944 160.000 3.499 79.88 78.08 1010.50
8670870 20120930 19:00 3.693 139.000 6.415 78.80 78.26 1009.90
8670870 20120930 20:00 4.860 99.000 6.609 78.08 78.08 1009.40
8670870 20120930 21:00 7.387 112.000 9.914 78.26 78.26 1009.20
8670870 20120930 22:00 5.443 123.000 7.581 77.72 78.08 1009.20
8670870 20120930 23:00 1.166 135.000 2.333 75.92 78.08 1009.60