"x" "y" "vegt" "nbr"
"1" 566380.053 1745560.089 1 -72.2832470184712
"2" 566890.053 1745560.089 2 -231.915129949882
"3" 567400.053 1745560.089 1 -166.501178769257
"4" 567910.053 1745560.089 1 -113.080061248091
"5" 568930.053 1745560.089 1 4.20646371940813
"6" 569440.053 1745560.089 1 91.2705556580008
"7" 569950.053 1745560.089 1 -12.4316031833504
"8" 570460.053 1745560.089 1 23.2554419433649
"9" 570970.053 1745560.089 1 55.428691233576
"10" 571480.053 1745560.089 1 -25.8999921471918
"11" 571990.053 1745560.089 1 18.7045781045426
"12" 572500.053 1745560.089 1 -33.1691093444824
"13" 565870.053 1746070.089 1 -35.2652794231068
"14" 566380.053 1746070.089 2 -133.064502220278
"15" 566890.053 1746070.089 1 -254.499784370613
"16" 567400.053 1746070.089 1 -162.967252132808
"17" 567910.053 1746070.089 1 -35.0440321708543
"18" 568420.053 1746070.089 1 -231.375917459225
"19" 568930.053 1746070.089 1 -273.784386963599
"20" 569440.053 1746070.089 1 -343.152192640475
"21" 569950.053 1746070.089 1 -62.1407347459763
"22" 570460.053 1746070.089 1 310.090915891117
"23" 570970.053 1746070.089 1 145.870741610338
"24" 571480.053 1746070.089 1 -1.74859961937727
"25" 571990.053 1746070.089 1 167.957555540213
"26" 572500.053 1746070.089 1 118.697775363922
"27" 564850.053 1746580.089 1 335.286392211914
"28" 565360.053 1746580.089 2 -90.3705063836485
"29" 565870.053 1746580.089 4 -43.619929869782
"30" 566380.053 1746580.089 2 -114.599534464549
"31" 566890.053 1746580.089 1 -274.801357171946
"32" 567400.053 1746580.089 1 -296.969296261106
"33" 567910.053 1746580.089 1 -58.3188232319648
"34" 568420.053 1746580.089 1 -210.785314459192
"35" 568930.053 1746580.089 1 -248.509673687007
"36" 569440.053 1746580.089 1 -55.5261780231949
"37" 569950.053 1746580.089 1 264.053163720034
"38" 570460.053 1746580.089 1 333.003573454778
"39" 570970.053 1746580.089 1 353.12267031759
"40" 571480.053 1746580.089 1 218.066720917026
"41" 564850.053 1747090.089 1 192.071014581500
"42" 565360.053 1747090.089 1 -145.461319624764
"43" 565870.053 1747090.089 2 -126.356251967826
"44" 566380.053 1747090.089 1 -215.418254274210
"45" 566890.053 1747090.089 1 -266.671326315119
"46" 567400.053 1747090.089 1 -330.012205896085
"47" 567910.053 1747090.089 1 -188.285418967893
"48" 568420.053 1747090.089 1 -109.372520702733
"49" 568930.053 1747090.089 1 -202.840624312634
"50" 569440.053 1747090.089 1 -18.0696586436545
"51" 569950.053 1747090.089 1 141.50832058339
"52" 570460.053 1747090.089 1 183.806456545225
"53" 570970.053 1747090.089 1 364.694558971402
"54" 571480.053 1747090.089 1 314.32476896512
"55" 564850.053 1747600.089 1 12.2249536767158
"56" 565360.053 1747600.089 1 -129.199276252814
"57" 565870.053 1747600.089 1 -239.012455314094
"58" 566380.053 1747600.089 1 -368.149838978861
"59" 566890.053 1747600.089 1 -302.194128000206
"60" 567400.053 1747600.089 1 -205.115696614466
"61" 567910.053 1747600.089 1 -289.07234081678
"62" 568420.053 1747600.089 1 -188.605188854637
"63" 568930.053 1747600.089 1 -167.198813015207
"64" 569440.053 1747600.089 3 -85.412171557887
"65" 569950.053 1747600.089 3 177.364086585053
"66" 570460.053 1747600.089 3 223.674856415248
"67" 570970.053 1747600.089 1 314.815130492799
"68" 571480.053 1747600.089 1 70.9000964295387
"69" 564340.053 1748110.089 1 424.568975275213
"70" 564850.053 1748110.089 2 22.4943424359858
"71" 565360.053 1748110.089 1 -182.433100732352
"72" 565870.053 1748110.089 1 -292.797669732039
"73" 566380.053 1748110.089 1 -147.311287845198
"74" 566890.053 1748110.089 1 -278.01152001162
"75" 567400.053 1748110.089 1 -164.783903515881
"76" 567910.053 1748110.089 1 -317.130305690754
"77" 568420.053 1748110.089 1 -281.758661659537
"78" 568930.053 1748110.089 1 -170.857823857289
"79" 569440.053 1748110.089 1 -194.127589917931
"80" 569950.053 1748110.089 3 63.2713437336054
"81" 570460.053 1748110.089 3 249.42769744053
"82" 570970.053 1748110.089 3 121.038733786976
"83" 571480.053 1748110.089 1 128.828580625430
"84" 564340.053 1748620.089 2 101.312193883609
"85" 564850.053 1748620.089 1 -132.902375179597
"86" 565360.053 1748620.089 1 -195.608292452611
"87" 565870.053 1748620.089 1 -37.4672041956185
"88" 566380.053 1748620.089 1 -323.260882948514
"89" 566890.053 1748620.089 1 -290.215299390184
"90" 567400.053 1748620.089 1 -291.59943616927
"91" 567910.053 1748620.089 3 -288.757168812741
"92" 568420.053 1748620.089 1 -322.948120565981
"93" 568930.053 1748620.089 1 -47.0586255116511
"94" 569440.053 1748620.089 1 -24.6309101268155
"95" 569950.053 1748620.089 1 -127.604767180650
"96" 570460.053 1748620.089 1 170.083362085175
"97" 570970.053 1748620.089 1 277.709365934639
"98" 571480.053 1748620.089 3 303.480925881106
"99" 571990.053 1748620.089 1 172.854129044906
"100" 563320.053 1749130.089 2 85.8826206207275
"101" 563830.053 1749130.089 1 -40.4124046784084
"102" 564340.053 1749130.089 1 -57.4643006638327
"103" 564850.053 1749130.089 1 -189.258353510123
"104" 565360.053 1749130.089 1 -80.7847319224777
"105" 565870.053 1749130.089 1 -231.647258900034
"106" 566380.053 1749130.089 1 -334.810837323282
"107" 566890.053 1749130.089 1 -284.688598213729
"108" 567400.053 1749130.089 1 -281.412736970253
"109" 567910.053 1749130.089 1 -233.76339340458
"110" 568420.053 1749130.089 1 -342.318182456973
"111" 568930.053 1749130.089 1 13.2163664999641
"112" 569440.053 1749130.089 1 -159.179454802028
"113" 569950.053 1749130.089 1 -85.6707166103402
"114" 570460.053 1749130.089 1 207.077023939269
"115" 570970.053 1749130.089 1 121.122909620138
"116" 571480.053 1749130.089 1 278.230283671691
"117" 571990.053 1749130.089 1 368.152221547632
"118" 572500.053 1749130.089 1 136.112824421875
"119" 562810.053 1749640.089 1 131.087838902193
"120" 563320.053 1749640.089 1 -42.9357377289598
"121" 563830.053 1749640.089 1 -112.076795969307
"122" 564340.053 1749640.089 1 117.898806382207
"123" 564850.053 1749640.089 1 -29.6376355601915
"124" 565360.053 1749640.089 1 -102.183466212154
"125" 565870.053 1749640.089 0 -85.8826669146305
"126" 566380.053 1749640.089 1 -96.347160686162
"127" 566890.053 1749640.089 1 -41.1160220142951
"128" 567400.053 1749640.089 1 -193.785828363530
"129" 567910.053 1749640.089 1 -250.813986903661
"130" 568420.053 1749640.089 1 -335.068258608094
"131" 568930.053 1749640.089 1 -63.1915627609758
"132" 569440.053 1749640.089 3 -94.537043905750
"133" 569950.053 1749640.089 3 -94.7532003686985
"134" 570460.053 1749640.089 3 -64.1421256238679
"135" 570970.053 1749640.089 1 54.3544816547499
"136" 571480.053 1749640.089 1 70.9575705103325
"137" 571990.053 1749640.089 1 479.610610981703
"138" 572500.053 1749640.089 1 345.077622526223
"139" 562300.053 1750150.089 0 556.461120605469
"140" 562810.053 1750150.089 1 -132.177283551462
"141" 563320.053 1750150.089 1 -145.739075392594
"142" 563830.053 1750150.089 1 24.9976815822552
"143" 564340.053 1750150.089 1 244.806764910576
"144" 564850.053 1750150.089 1 -98.6549691708514
"145" 565360.053 1750150.089 1 -346.019194205331
"146" 565870.053 1750150.089 1 -288.982020171873
"147" 566380.053 1750150.089 1 -273.243667821989
"148" 566890.053 1750150.089 1 -109.202683427348
"149" 567400.053 1750150.089 1 -121.364097260692
"150" 567910.053 1750150.089 1 -126.094957975374
"151" 568420.053 1750150.089 1 -143.116226499887
"152" 568930.053 1750150.089 1 -145.058334974250
"153" 569440.053 1750150.089 1 -42.2962010903
"154" 569950.053 1750150.089 1 -241.739605801334
"155" 570460.053 1750150.089 1 -285.333232958842
"156" 570970.053 1750150.089 1 13.4182869754781
"157" 571480.053 1750150.089 1 87.5314618089133
"158" 571990.053 1750150.089 1 177.182420524957
"159" 572500.053 1750150.089 1 397.066483062612
"160" 562300.053 1750660.089 1 56.10415048235
"161" 562810.053 1750660.089 1 -214.806164097214
"162" 563320.053 1750660.089 1 -249.629627431558
"163" 563830.053 1750660.089 1 66.1923375726185
"164" 564340.053 1750660.089 1 -178.710379288689
"165" 564850.053 1750660.089 1 -81.6480925644212
"166" 565360.053 1750660.089 1 -112.755627180886
"167" 565870.053 1750660.089 1 -259.92210468042
"168" 566380.053 1750660.089 1 -208.423692143789
"169" 566890.053 1750660.089 3 -269.302431546699
"170" 567400.053 1750660.089 1 -227.896447013824
"171" 567910.053 1750660.089 1 -254.16353209704
"172" 568420.053 1750660.089 1 -211.851508189038
"173" 568930.053 1750660.089 1 -153.147625603483
"174" 569440.053 1750660.089 1 -108.491717155423
"175" 569950.053 1750660.089 1 -192.538436426429
"176" 570460.053 1750660.089 1 -228.342029994753
"177" 570970.053 1750660.089 1 28.4930354501062
"178" 571480.053 1750660.089 1 67.5395243196779
"179" 571990.053 1750660.089 1 372.817345386531
"180" 572500.053 1750660.089 1 357.527649067698
"181" 561790.053 1751170.089 2 -48.5884390501692
"182" 562300.053 1751170.089 1 -31.0705030770939
"183" 562810.053 1751170.089 1 294.931735170745
"184" 563320.053 1751170.089 1 -64.564795837277
"185" 563830.053 1751170.089 1 49.4905625532178
"186" 564340.053 1751170.089 1 -85.2949711001938
"187" 564850.053 1751170.089 1 -204.419538995392
"188" 565360.053 1751170.089 1 -267.256986039738
"189" 565870.053 1751170.089 1 -300.06009552636
"190" 566380.053 1751170.089 1 -203.976840501483
"191" 566890.053 1751170.089 1 -191.340194854209
"192" 567400.053 1751170.089 1 -242.110684665435
"193" 567910.053 1751170.089 1 -437.737784098593
"194" 568420.053 1751170.089 1 -243.494137814306
"195" 568930.053 1751170.089 1 -209.279284572937
"196" 569440.053 1751170.089 1 -259.960330824544
"197" 569950.053 1751170.089 1 -203.931874732251
"198" 570460.053 1751170.089 1 -223.600943007200
"199" 570970.053 1751170.089 1 280.27002058381
"200" 571480.053 1751170.089 1 383.439166215748
"201" 560770.053 1751680.089 1 141.362582703432
"202" 561280.053 1751680.089 2 23.6978196599364
"203" 561790.053 1751680.089 1 -153.614649683243
"204" 562300.053 1751680.089 1 -28.4583384878354
"205" 562810.053 1751680.089 1 282.19917375694
"206" 563320.053 1751680.089 1 -129.114850509545
"207" 563830.053 1751680.089 1 121.539483966704
"208" 564340.053 1751680.089 1 -99.9530786090307
"209" 564850.053 1751680.089 1 -111.752400096319
"210" 565360.053 1751680.089 1 11.4474803344838
"211" 565870.053 1751680.089 1 -163.987762464171
"212" 566380.053 1751680.089 1 -209.895583441518
"213" 566890.053 1751680.089 1 -99.3531674892423
"214" 567400.053 1751680.089 1 -36.9152411523645
"215" 567910.053 1751680.089 1 -230.333529865975
"216" 568420.053 1751680.089 1 -109.792686234715
"217" 568930.053 1751680.089 1 -96.4272481953884
"218" 569440.053 1751680.089 1 -346.985227776239
"219" 569950.053 1751680.089 1 -338.086537278653
"220" 570460.053 1751680.089 1 -64.6608166983451
"221" 570970.053 1751680.089 1 74.9455769005251
"222" 571480.053 1751680.089 1 130.069839382772
"223" 571990.053 1751680.089 1 0.0359033980929553
"224" 560260.053 1752190.089 1 -87.4103434001693
"225" 560770.053 1752190.089 1 155.017450112879
"226" 561280.053 1752190.089 1 304.326337244983
"227" 561790.053 1752190.089 1 140.510446123590
"228" 562300.053 1752190.089 1 173.060981001916
"229" 562810.053 1752190.089 1 78.809182512299
"230" 563320.053 1752190.089 1 -232.589329698924
"231" 563830.053 1752190.089 1 72.0339272111428
"232" 564340.053 1752190.089 1 254.159943409023
"233" 564850.053 1752190.089 1 292.293148510175
"234" 565360.053 1752190.089 1 231.562739227873
"235" 565870.053 1752190.089 1 34.1503159813637
"236" 566380.053 1752190.089 1 -51.8422433998776
"237" 566890.053 1752190.089 1 -163.196133367750
"238" 567400.053 1752190.089 1 -0.522024097746794
"239" 567910.053 1752190.089 1 -102.163996639555
"240" 568420.053 1752190.089 1 -53.3869896722985
"241" 568930.053 1752190.089 1 -184.24991185773
"242" 569440.053 1752190.089 1 -129.598381935938
"243" 569950.053 1752190.089 1 -114.025323536370
"244" 570460.053 1752190.089 1 83.825613473518
"245" 570970.053 1752190.089 1 194.994337151732
"246" 571480.053 1752190.089 1 318.066306323145
"247" 571990.053 1752190.089 1 47.2580974819216
"248" 559240.053 1752700.089 1 252.525224685669
"249" 559750.053 1752700.089 2 134.212652969776
"250" 560260.053 1752700.089 1 62.7640175731362
"251" 560770.053 1752700.089 1 127.331985922000
"252" 561280.053 1752700.089 1 44.3120274626185
"253" 561790.053 1752700.089 1 250.255380303793
"254" 562300.053 1752700.089 1 374.019824943730
"255" 562810.053 1752700.089 1 324.706540536706
"256" 563320.053 1752700.089 1 63.7300347117525
"257" 563830.053 1752700.089 1 91.4816216597435
"258" 564340.053 1752700.089 1 70.4768602790216
"259" 564850.053 1752700.089 1 33.9630045272004
"260" 565360.053 1752700.089 1 0.159984837965681
"261" 565870.053 1752700.089 1 155.825681669996
"262" 566380.053 1752700.089 1 -105.823770117807
"263" 566890.053 1752700.089 1 -157.418874384939
"264" 567400.053 1752700.089 1 -102.089647797984
"265" 567910.053 1752700.089 1 -144.063214632370
"266" 568420.053 1752700.089 1 -15.4998962982384
"267" 568930.053 1752700.089 1 59.9515533684373
"268" 569440.053 1752700.089 1 123.416859388550
"269" 569950.053 1752700.089 1 51.1093951735866
"270" 570460.053 1752700.089 1 -192.457185302283
"271" 570970.053 1752700.089 1 4.61346197033026
"272" 571480.053 1752700.089 1 200.851203227644
"273" 571990.053 1752700.089 3 197.146558959789
"274" 557710.053 1753210.089 2 -159.549887084961
"275" 558220.053 1753210.089 2 7.65944873470198
"276" 558730.053 1753210.089 1 83.1757477502979
"277" 559240.053 1753210.089 2 3.20090089840312
"278" 559750.053 1753210.089 1 30.1728287390702
"279" 560260.053 1753210.089 1 24.8805308123287
"280" 560770.053 1753210.089 1 81.5200983805564
"281" 561280.053 1753210.089 1 205.277520495706
"282" 561790.053 1753210.089 1 254.653964765490
"283" 562300.053 1753210.089 0 483.176264269531
"284" 562810.053 1753210.089 1 264.813251129887
"285" 563320.053 1753210.089 1 241.087498993394
"286" 563830.053 1753210.089 0 209.025110729417
"287" 564340.053 1753210.089 1 31.3795419638468
"288" 564850.053 1753210.089 1 305.166941481881
"289" 565360.053 1753210.089 1 197.023721546854
"290" 565870.053 1753210.089 1 248.480981070268
"291" 566380.053 1753210.089 1 23.4284211813703
"292" 566890.053 1753210.089 1 -73.9363004068772
"293" 567400.053 1753210.089 1 -71.4879229902052
"294" 567910.053 1753210.089 1 -3.61647625087789
"295" 568420.053 1753210.089 1 -40.0428926416814
"296" 568930.053 1753210.089 1 82.8180165810488
"297" 569440.053 1753210.089 1 242.26292636732
"298" 569950.053 1753210.089 1 158.937218128673
"299" 570460.053 1753210.089 1 -65.8250858140302
"300" 570970.053 1753210.089 1 0.206237212695783
"301" 571480.053 1753210.089 1 436.505500076165
"302" 571990.053 1753210.089 1 379.603480233087
"303" 554140.053 1753720.089 2 81.7845751444497
"304" 554650.053 1753720.089 2 19.5855102539063
"305" 556690.053 1753720.089 1 -3.04732036590588
"306" 557200.053 1753720.089 2 53.0630807391678
"307" 557710.053 1753720.089 1 149.013419432660
"308" 558220.053 1753720.089 2 229.881306020437
"309" 558730.053 1753720.089 1 136.295413005547
"310" 559240.053 1753720.089 1 63.0842140294192
"311" 559750.053 1753720.089 1 -23.818430327221
"312" 560260.053 1753720.089 1 3.23383037219321
"313" 560770.053 1753720.089 1 141.224821883081
"314" 561280.053 1753720.089 1 288.36885234723
"315" 561790.053 1753720.089 1 268.288301101597
"316" 562300.053 1753720.089 1 393.479927220549
"317" 562810.053 1753720.089 1 355.309570603914
"318" 563320.053 1753720.089 1 180.751645108812
"319" 563830.053 1753720.089 1 126.586935207497
"320" 564340.053 1753720.089 1 -26.5570378419102
"321" 564850.053 1753720.089 1 200.727839973963
"322" 565360.053 1753720.089 1 115.422498174183
"323" 565870.053 1753720.089 1 -113.220928848931
"324" 566380.053 1753720.089 1 -235.206262675542
"325" 566890.053 1753720.089 1 -165.812132783008
"326" 567400.053 1753720.089 1 -139.307211798373
"327" 567910.053 1753720.089 1 -19.4523063737289
"328" 568420.053 1753720.089 1 20.7055591997516
"329" 568930.053 1753720.089 1 44.2189004702682
"330" 569440.053 1753720.089 1 84.8579011631593
"331" 569950.053 1753720.089 1 62.730840780323
"332" 570460.053 1753720.089 0 313.495323330823
"333" 570970.053 1753720.089 1 255.735870746588
"334" 571480.053 1753720.089 2 309.266830444336
"335" 553630.053 1754230.089 2 77.781950863925
"336" 554140.053 1754230.089 2 141.762025896438
"337" 554650.053 1754230.089 2 135.875179195397
"338" 555160.053 1754230.089 1 40.6087752492863
"339" 555670.053 1754230.089 1 201.560520227361
"340" 556180.053 1754230.089 1 242.923413707592
"341" 556690.053 1754230.089 1 160.939260799973
"342" 557200.053 1754230.089 2 82.4491104997085
"343" 557710.053 1754230.089 2 224.240292577173
"344" 558220.053 1754230.089 2 185.544245668959
"345" 558730.053 1754230.089 1 -58.6860276844338
"346" 559240.053 1754230.089 1 -88.6653857268329
"347" 559750.053 1754230.089 1 -29.5143867133057
"348" 560260.053 1754230.089 1 48.0633791296252
"349" 560770.053 1754230.089 1 199.426546629728
"350" 561280.053 1754230.089 1 311.330217749181
"351" 561790.053 1754230.089 1 295.826388567367
"352" 562300.053 1754230.089 1 248.686553980232
"353" 562810.053 1754230.089 1 374.150478778816
"354" 563320.053 1754230.089 1 408.458224256962
"355" 563830.053 1754230.089 1 361.85239368078
"356" 564340.053 1754230.089 1 202.153359497573
"357" 564850.053 1754230.089 1 -73.7299815989763
"358" 565360.053 1754230.089 1 -181.431634505734
"359" 565870.053 1754230.089 1 -65.463102133223
"360" 566380.053 1754230.089 1 -237.693052911433
"361" 566890.053 1754230.089 1 -192.929174060233
"362" 567400.053 1754230.089 1 -131.030881480575
"363" 567910.053 1754230.089 1 -33.1686378783493
"364" 568420.053 1754230.089 1 -81.7220135362152
"365" 568930.053 1754230.089 1 -7.07315800491767
"366" 569440.053 1754230.089 1 -166.248183114106
"367" 569950.053 1754230.089 1 173.706615144359
"368" 570460.053 1754230.089 1 70.0760229127168
"369" 553120.053 1754740.089 2 -23.8316354751587
"370" 553630.053 1754740.089 2 40.1092334867553
"371" 554140.053 1754740.089 2 26.6995642363022
"372" 554650.053 1754740.089 1 334.317740237415
"373" 555160.053 1754740.089 1 160.078494432054
"374" 555670.053 1754740.089 1 227.514020333231
"375" 556180.053 1754740.089 1 216.387336073028
"376" 556690.053 1754740.089 1 360.352687723486
"377" 557200.053 1754740.089 1 279.339993285463
"378" 557710.053 1754740.089 2 149.967223839767
"379" 558220.053 1754740.089 2 -60.242800444681
"380" 558730.053 1754740.089 1 -129.930403003340
"381" 559240.053 1754740.089 1 88.7319402496635
"382" 559750.053 1754740.089 1 -20.2810528017518
"383" 560260.053 1754740.089 1 250.595559416284
"384" 560770.053 1754740.089 1 453.343926065715
"385" 561280.053 1754740.089 1 139.813070442533
"386" 561790.053 1754740.089 1 252.928230566953
"387" 562300.053 1754740.089 1 273.113222471149
"388" 562810.053 1754740.089 1 241.827468934348
"389" 563320.053 1754740.089 1 271.788562865808
"390" 563830.053 1754740.089 1 -124.635675824437
"391" 564340.053 1754740.089 1 -111.315623372902
"392" 564850.053 1754740.089 1 -247.507655975734
"393" 565360.053 1754740.089 1 -132.287267722067
"394" 565870.053 1754740.089 1 -133.977953944372
"395" 566380.053 1754740.089 1 -188.560138305584
"396" 566890.053 1754740.089 1 -100.706070292786
"397" 567400.053 1754740.089 1 -51.9546532003101
"398" 567910.053 1754740.089 1 -44.5842325631792
"399" 568420.053 1754740.089 1 16.5466951940219
"400" 568930.053 1754740.089 1 -135.235561139449
"401" 569440.053 1754740.089 1 -18.4255115660077
"402" 569950.053 1754740.089 1 144.653204105979
"403" 570460.053 1754740.089 1 258.597061323084
"404" 553120.053 1755250.089 2 31.5786819532009
"405" 553630.053 1755250.089 2 61.4643780907811
"406" 554140.053 1755250.089 1 169.146856616104
"407" 554650.053 1755250.089 2 249.327980869773
"408" 555160.053 1755250.089 2 186.399809682237
"409" 555670.053 1755250.089 1 396.012650949310
"410" 556180.053 1755250.089 1 217.947910390090
"411" 556690.053 1755250.089 1 266.606809916372
"412" 557200.053 1755250.089 1 252.699647283463
"413" 557710.053 1755250.089 2 112.217721134313
"414" 558220.053 1755250.089 2 -10.2478700975304
"415" 558730.053 1755250.089 1 -66.9845076799462
"416" 559240.053 1755250.089 1 -18.5773440748007
"417" 559750.053 1755250.089 1 211.044692902408
"418" 560260.053 1755250.089 0 383.782567444135
"419" 560770.053 1755250.089 1 304.338282809529
"420" 561280.053 1755250.089 1 61.4640268132687
"421" 561790.053 1755250.089 1 262.617315268838
"422" 562300.053 1755250.089 1 158.942218332545
"423" 562810.053 1755250.089 1 -2.24870712184452
"424" 563320.053 1755250.089 1 72.0440896596795
"425" 563830.053 1755250.089 0 267.642656034243
"426" 564340.053 1755250.089 1 90.4520841670817
"427" 564850.053 1755250.089 1 -71.5820276877531
"428" 565360.053 1755250.089 1 -102.815839525744
"429" 565870.053 1755250.089 1 -101.958068438268
"430" 566380.053 1755250.089 1 -145.543400639074
"431" 566890.053 1755250.089 1 -23.2223058477061
"432" 567400.053 1755250.089 1 -143.775068483247
"433" 567910.053 1755250.089 1 -15.1466275499015
"434" 568420.053 1755250.089 1 -27.9817502108891
"435" 568930.053 1755250.089 1 -177.438824730870
"436" 569440.053 1755250.089 1 65.7597006327271
"437" 569950.053 1755250.089 1 173.520807667467
"438" 552610.053 1755760.089 2 84.9917769429146
"439" 553120.053 1755760.089 2 131.199527752246
"440" 553630.053 1755760.089 2 110.266040214816
"441" 554140.053 1755760.089 4 192.188456254013
"442" 554650.053 1755760.089 4 222.691965594827
"443" 555160.053 1755760.089 2 190.841733275392
"444" 555670.053 1755760.089 1 90.711907213114
"445" 556180.053 1755760.089 1 379.747187873475
"446" 556690.053 1755760.089 1 212.048863699476
"447" 557200.053 1755760.089 1 -14.0658880146386
"448" 557710.053 1755760.089 1 118.909524248125
"449" 558220.053 1755760.089 1 185.990026914528
"450" 558730.053 1755760.089 1 60.7713532184778
"451" 559240.053 1755760.089 1 166.91080498282
"452" 559750.053 1755760.089 1 236.746746971937
"453" 560260.053 1755760.089 1 317.939628056992
"454" 560770.053 1755760.089 1 322.104123957831
"455" 561280.053 1755760.089 1 179.771569019568
"456" 561790.053 1755760.089 1 -91.5435364698104
"457" 562300.053 1755760.089 1 -146.343381185439
"458" 562810.053 1755760.089 1 -41.8806661611879
"459" 563320.053 1755760.089 1 -262.578529371115
"460" 563830.053 1755760.089 1 -263.791001903975
"461" 564340.053 1755760.089 4 -225.266980646396
"462" 564850.053 1755760.089 1 -264.858758956921
"463" 565360.053 1755760.089 1 -38.4438341480712
"464" 565870.053 1755760.089 1 -36.3323802440199
"465" 566380.053 1755760.089 1 -48.9489695082345
"466" 566890.053 1755760.089 1 -104.388575384985
"467" 567400.053 1755760.089 1 -65.0941214380035
"468" 567910.053 1755760.089 1 -155.242294552423
"469" 568420.053 1755760.089 1 -94.397704497347
"470" 568930.053 1755760.089 1 -19.5714405315218
"471" 569440.053 1755760.089 1 -124.862468432602
"472" 569950.053 1755760.089 1 51.699385592917
"473" 570460.053 1755760.089 1 94.9548223382342
"474" 570970.053 1755760.089 1 11.1532535552977
"475" 552100.053 1756270.089 4 52.8005397927529
"476" 552610.053 1756270.089 2 78.911465750697
"477" 553120.053 1756270.089 2 156.081251329401
"478" 553630.053 1756270.089 2 275.783299201904
"479" 554140.053 1756270.089 2 252.914535379401
"480" 554650.053 1756270.089 4 173.721854731278
"481" 555160.053 1756270.089 1 208.156326656309
"482" 555670.053 1756270.089 1 345.421201754308
"483" 556180.053 1756270.089 1 303.370157761684
"484" 556690.053 1756270.089 1 537.791533773425
"485" 557200.053 1756270.089 0 524.901211669278
"486" 557710.053 1756270.089 1 217.662010456881
"487" 558220.053 1756270.089 1 191.98178494976
"488" 558730.053 1756270.089 1 271.235846641557
"489" 559240.053 1756270.089 1 228.371969324073
"490" 559750.053 1756270.089 1 211.898549125878
"491" 560260.053 1756270.089 1 201.112937228172
"492" 560770.053 1756270.089 1 213.307046337514
"493" 561280.053 1756270.089 1 14.707078519569
"494" 561790.053 1756270.089 1 -255.490293274655
"495" 562300.053 1756270.089 1 -245.119105779285
"496" 562810.053 1756270.089 1 -45.7263065638498
"497" 563320.053 1756270.089 1 -226.524322617843
"498" 563830.053 1756270.089 1 -351.129752439616
"499" 564340.053 1756270.089 1 -81.8170349181379
"500" 564850.053 1756270.089 4 -124.092113811361
"501" 565360.053 1756270.089 4 34.6829574358640
"502" 565870.053 1756270.089 1 76.1634849202212
"503" 566380.053 1756270.089 1 10.0086208420981
"504" 566890.053 1756270.089 1 -38.7830829624552
"505" 567400.053 1756270.089 1 -127.850625095902
"506" 567910.053 1756270.089 1 64.1077049475825
"507" 568420.053 1756270.089 1 277.029292425061
"508" 568930.053 1756270.089 1 126.926820385819
"509" 569440.053 1756270.089 1 -115.062066895745
"510" 569950.053 1756270.089 1 -128.763011759443
"511" 570460.053 1756270.089 1 -19.2629945307111
"512" 570970.053 1756270.089 1 56.4972522462872
"513" 571480.053 1756270.089 1 -36.180206094469
"514" 551590.053 1756780.089 2 197.306072870890
"515" 552100.053 1756780.089 2 196.656935867709
"516" 552610.053 1756780.089 2 128.32920821892
"517" 553120.053 1756780.089 2 79.469614167424
"518" 553630.053 1756780.089 2 254.03637762142
"519" 554140.053 1756780.089 1 500.07824141891
"520" 554650.053 1756780.089 0 421.358662848926
"521" 555160.053 1756780.089 1 209.955298311054
"522" 555670.053 1756780.089 1 267.301471225509
"523" 556180.053 1756780.089 1 460.035210122004
"524" 556690.053 1756780.089 1 405.194177494682
"525" 557200.053 1756780.089 1 237.003697980225
"526" 557710.053 1756780.089 0 408.095840793983
"527" 558220.053 1756780.089 1 221.902585572429
"528" 558730.053 1756780.089 1 384.715763393149
"529" 559240.053 1756780.089 1 222.547099153518
"530" 559750.053 1756780.089 1 212.580218669443
"531" 560260.053 1756780.089 1 213.328042991425
"532" 560770.053 1756780.089 1 42.7928916665439
"533" 561280.053 1756780.089 1 -77.4659381020102
"534" 561790.053 1756780.089 1 -247.071448437489
"535" 562300.053 1756780.089 1 -170.485106843778
"536" 562810.053 1756780.089 1 -90.2669960668834
"537" 563320.053 1756780.089 1 -169.398330831204
"538" 563830.053 1756780.089 1 -205.536523175081
"539" 564340.053 1756780.089 4 -241.957280052992
"540" 564850.053 1756780.089 1 154.906527867359
"541" 565360.053 1756780.089 4 163.402133419225
"542" 565870.053 1756780.089 4 307.22789131439
"543" 566380.053 1756780.089 1 109.501025354153
"544" 566890.053 1756780.089 1 76.665300469489
"545" 567400.053 1756780.089 1 97.990856553436
"546" 567910.053 1756780.089 1 137.439739384754
"547" 568420.053 1756780.089 1 44.0788462665173
"548" 568930.053 1756780.089 1 103.715995232016
"549" 569440.053 1756780.089 1 -143.143211205415
"550" 569950.053 1756780.089 1 -265.496278238137
"551" 570460.053 1756780.089 1 -84.6853609139189
"552" 570970.053 1756780.089 1 362.52738199067
"553" 571480.053 1756780.089 1 -41.9443250298494
"554" 551590.053 1757290.089 4 249.724396383972
"555" 552100.053 1757290.089 2 357.783657375907
"556" 552610.053 1757290.089 2 135.763344519271
"557" 553120.053 1757290.089 2 42.3080429852782
"558" 555160.053 1757290.089 1 492.213174106313
"559" 555670.053 1757290.089 1 245.528225725348
"560" 556180.053 1757290.089 1 560.933787306695
"561" 556690.053 1757290.089 1 208.581261810538
"562" 557200.053 1757290.089 1 -66.5299448526197
"563" 557710.053 1757290.089 1 -172.601048120996
"564" 558220.053 1757290.089 1 363.195190852067
"565" 558730.053 1757290.089 1 254.184379465430
"566" 559240.053 1757290.089 1 10.65373385055
"567" 559750.053 1757290.089 1 -0.934722067096004
"568" 560260.053 1757290.089 1 119.612307388468
"569" 560770.053 1757290.089 1 100.249992915495
"570" 561280.053 1757290.089 1 -202.130611620153
"571" 561790.053 1757290.089 1 -328.764974415926
"572" 562300.053 1757290.089 1 -210.517865865707
"573" 562810.053 1757290.089 1 15.2529490716867
"574" 563320.053 1757290.089 1 -176.925821974622
"575" 563830.053 1757290.089 1 -79.8584036282672
"576" 564340.053 1757290.089 1 -161.539872529604
"577" 564850.053 1757290.089 1 -189.598544439803
"578" 565360.053 1757290.089 1 -89.2550926815953
"579" 565870.053 1757290.089 1 102.670641479599
"580" 566380.053 1757290.089 1 85.4573263272198
"581" 566890.053 1757290.089 1 -62.1545903427034
"582" 567400.053 1757290.089 1 -61.9733352869508
"583" 567910.053 1757290.089 1 221.940352003099
"584" 568420.053 1757290.089 0 236.607665728522
"585" 568930.053 1757290.089 1 201.229485384132
"586" 569440.053 1757290.089 1 -267.002781554288
"587" 569950.053 1757290.089 1 -364.906224656687
"588" 570460.053 1757290.089 1 -76.3739382874252
"589" 570970.053 1757290.089 1 106.178476258476
"590" 571480.053 1757290.089 1 86.5961197114759
"591" 550570.053 1757800.089 1 -67.837767667548
"592" 551080.053 1757800.089 1 82.315950870511
"593" 551590.053 1757800.089 1 87.6385425408548
"594" 552100.053 1757800.089 2 223.108736406504
"595" 552610.053 1757800.089 1 325.049027291934
"596" 553120.053 1757800.089 3 293.746373634953
"597" 555160.053 1757800.089 1 388.392065517789
"598" 555670.053 1757800.089 3 508.130749511719
"599" 556180.053 1757800.089 1 236.48752972285
"600" 556690.053 1757800.089 1 -137.018543841524
"601" 557200.053 1757800.089 1 -130.393733398937
"602" 557710.053 1757800.089 1 -127.592437617925
"603" 558220.053 1757800.089 1 -32.7236660516869
"604" 558730.053 1757800.089 1 323.911517617602
"605" 559240.053 1757800.089 1 -97.743450852833
"606" 559750.053 1757800.089 1 -224.149994221532
"607" 560260.053 1757800.089 1 48.8801501189057
"608" 560770.053 1757800.089 1 187.389411630507
"609" 561280.053 1757800.089 1 40.379109265888
"610" 561790.053 1757800.089 1 -69.3349846712406
"611" 562300.053 1757800.089 1 -247.250867321422
"612" 562810.053 1757800.089 1 -51.0845474338929
"613" 563320.053 1757800.089 0 145.643723644076
"614" 563830.053 1757800.089 0 110.167716447037
"615" 564340.053 1757800.089 1 -28.0552329131347
"616" 564850.053 1757800.089 1 139.266665480842
"617" 565360.053 1757800.089 1 184.292588415847
"618" 565870.053 1757800.089 1 473.609141465279
"619" 566380.053 1757800.089 1 279.279018827779
"620" 566890.053 1757800.089 1 21.595310937155
"621" 567400.053 1757800.089 1 116.763240428729
"622" 567910.053 1757800.089 1 49.1842925441229
"623" 568420.053 1757800.089 1 61.0381617836103
"624" 568930.053 1757800.089 1 115.876244854052
"625" 569440.053 1757800.089 1 107.245096693806
"626" 569950.053 1757800.089 1 -197.693237425140
"627" 570460.053 1757800.089 1 104.335706745455
"628" 570970.053 1757800.089 1 46.5823719427171
"629" 571480.053 1757800.089 1 267.176944572909
"630" 550570.053 1758310.089 3 174.303835187245
"631" 551080.053 1758310.089 1 207.558627785749
"632" 551590.053 1758310.089 1 235.334771827698
"633" 552100.053 1758310.089 3 323.112828901473
"634" 552610.053 1758310.089 1 440.691158219880
"635" 553120.053 1758310.089 1 639.71240234375
"636" 555160.053 1758310.089 1 548.368906121506
"637" 556180.053 1758310.089 1 79.2154980407047
"638" 556690.053 1758310.089 1 -141.790690651408
"639" 557200.053 1758310.089 1 -287.241942698985
"640" 557710.053 1758310.089 1 -142.033861855329
"641" 558220.053 1758310.089 1 -121.354068709499
"642" 558730.053 1758310.089 1 182.786492312647
"643" 559240.053 1758310.089 0 135.664218438117
"644" 559750.053 1758310.089 0 383.478380394633
"645" 560260.053 1758310.089 1 191.172379684067
"646" 560770.053 1758310.089 1 -105.908263059024
"647" 561280.053 1758310.089 1 1.70961029331909
"648" 561790.053 1758310.089 1 -51.7532810310308
"649" 562300.053 1758310.089 1 -116.262173130857
"650" 562810.053 1758310.089 1 1.29003894307652
"651" 563320.053 1758310.089 1 176.263231640035
"652" 563830.053 1758310.089 1 417.615819106042
"653" 564340.053 1758310.089 1 290.962977237346
"654" 564850.053 1758310.089 1 452.648775986722
"655" 565360.053 1758310.089 1 413.128216464205
"656" 565870.053 1758310.089 1 587.823898262619
"657" 566380.053 1758310.089 1 554.590030409462
"658" 566890.053 1758310.089 1 486.448908840486
"659" 567400.053 1758310.089 1 344.184534623128
"660" 567910.053 1758310.089 1 169.585595120977
"661" 568420.053 1758310.089 1 154.532003835183
"662" 568930.053 1758310.089 0 310.864266531809
"663" 569440.053 1758310.089 0 681.714880371095
"664" 569950.053 1758310.089 1 345.378705671513
"665" 570460.053 1758310.089 1 411.751560267065
"666" 570970.053 1758310.089 1 271.513102641145
"667" 571480.053 1758310.089 1 157.074953946061
"668" 571990.053 1758310.089 1 122.499615651720
"669" 550570.053 1758820.089 3 342.776802062988
"670" 551080.053 1758820.089 1 567.67134312221
"671" 551590.053 1758820.089 1 364.101051508825
"672" 552100.053 1758820.089 3 109.869794768714
"673" 552610.053 1758820.089 3 255.019027074178
"674" 556180.053 1758820.089 1 25.463627742354
"675" 556690.053 1758820.089 1 129.966896338084
"676" 557200.053 1758820.089 1 -148.568742704233
"677" 557710.053 1758820.089 1 118.109730060116
"678" 558220.053 1758820.089 3 324.539381249131
"679" 558730.053 1758820.089 1 93.564880050995
"680" 559240.053 1758820.089 0 143.890891416666
"681" 559750.053 1758820.089 1 273.141533168533
"682" 560260.053 1758820.089 1 274.36222786886
"683" 560770.053 1758820.089 1 -24.2636985844885
"684" 561280.053 1758820.089 1 -49.2323836567766
"685" 561790.053 1758820.089 1 -79.8684386353254
"686" 562300.053 1758820.089 1 45.6006036399165
"687" 562810.053 1758820.089 1 159.319423866305
"688" 563320.053 1758820.089 1 75.2847552324167
"689" 563830.053 1758820.089 0 343.806435030627
"690" 564340.053 1758820.089 1 321.013280262987
"691" 564850.053 1758820.089 4 379.626376165231
"692" 565360.053 1758820.089 1 571.973620827211
"693" 565870.053 1758820.089 1 591.562949104693
"694" 566380.053 1758820.089 1 538.911325289704
"695" 566890.053 1758820.089 1 525.873680009139
"696" 567400.053 1758820.089 1 317.719880430747
"697" 567910.053 1758820.089 1 358.175468200854
"698" 568420.053 1758820.089 1 263.140486011506
"699" 570460.053 1758820.089 1 494.762364578248
"700" 570970.053 1758820.089 1 328.055989643751
"701" 571480.053 1758820.089 1 244.151709011137
"702" 571990.053 1758820.089 1 179.049590343353
"703" 572500.053 1758820.089 1 73.4228354486931
"704" 551590.053 1759330.089 1 497.69950727983
"705" 552100.053 1759330.089 1 438.783296646611
"706" 555670.053 1759330.089 3 238.820172327690
"707" 556180.053 1759330.089 1 51.4340508449463
"708" 556690.053 1759330.089 1 47.3851395625757
"709" 557200.053 1759330.089 3 -95.5999909288255
"710" 557710.053 1759330.089 3 489.287274232551
"711" 558220.053 1759330.089 3 395.93391936166
"712" 558730.053 1759330.089 1 246.893730401987
"713" 559240.053 1759330.089 1 178.105066655304
"714" 559750.053 1759330.089 0 209.786398294673
"715" 560260.053 1759330.089 1 194.015821424246
"716" 560770.053 1759330.089 1 58.1773167630599
"717" 561280.053 1759330.089 1 253.452017267467
"718" 561790.053 1759330.089 1 168.774361328777
"719" 562300.053 1759330.089 1 110.383983927504
"720" 562810.053 1759330.089 1 323.438194876302
"721" 563320.053 1759330.089 1 40.7745420439767
"722" 563830.053 1759330.089 1 -11.8508466100684
"723" 564340.053 1759330.089 1 228.262176294219
"724" 564850.053 1759330.089 1 261.725955131547
"725" 565360.053 1759330.089 1 475.090408028193
"726" 565870.053 1759330.089 1 556.404877628824
"727" 566380.053 1759330.089 1 548.538782984316
"728" 566890.053 1759330.089 1 442.12610906547
"729" 567400.053 1759330.089 1 42.936152973278
"730" 567910.053 1759330.089 1 362.652703787687
"731" 568420.053 1759330.089 1 357.831475502109
"732" 571480.053 1759330.089 1 495.541069030762
"733" 571990.053 1759330.089 1 360.181615413182
"734" 572500.053 1759330.089 1 315.970033258200
"735" 555670.053 1759840.089 1 402.748249543020
"736" 556180.053 1759840.089 3 289.913768746637
"737" 556690.053 1759840.089 1 272.708805642230
"738" 557200.053 1759840.089 3 246.256921187692
"739" 557710.053 1759840.089 1 512.572825113932
"740" 558730.053 1759840.089 1 356.851247941295
"741" 559240.053 1759840.089 1 221.463367772724
"742" 559750.053 1759840.089 1 244.805308526489
"743" 560260.053 1759840.089 1 215.364786792404
"744" 560770.053 1759840.089 0 347.04586224258
"745" 561280.053 1759840.089 1 162.122794505626
"746" 561790.053 1759840.089 1 184.057559539694
"747" 562300.053 1759840.089 1 -125.134764908823
"748" 562810.053 1759840.089 1 23.1944134437431
"749" 563320.053 1759840.089 1 -12.7530054188185
"750" 563830.053 1759840.089 1 -132.391307073075
"751" 564340.053 1759840.089 1 -60.2790162059641
"752" 564850.053 1759840.089 1 117.602414225205
"753" 565360.053 1759840.089 1 -219.206372323751
"754" 565870.053 1759840.089 1 367.558153977435
"755" 566380.053 1759840.089 1 540.960342460014
"756" 566890.053 1759840.089 1 379.924218471479
"757" 567400.053 1759840.089 1 348.487520587711
"758" 567910.053 1759840.089 1 347.812669181824
"759" 559240.053 1760350.089 1 487.598114013672
"760" 559750.053 1760350.089 0 190.402542114258
"761" 560260.053 1760350.089 1 595.279922485352
"762" 560770.053 1760350.089 1 99.4264942140733
"763" 561280.053 1760350.089 1 -6.33764711806816
"764" 561790.053 1760350.089 1 70.4335240822688
"765" 562300.053 1760350.089 1 -223.454465826908
"766" 562810.053 1760350.089 1 -13.8527616151131
"767" 563320.053 1760350.089 1 20.5140530588646
"768" 563830.053 1760350.089 1 -76.9687869722105
"769" 564340.053 1760350.089 1 -186.79897758458
"770" 564850.053 1760350.089 1 -54.9956695069354
"771" 565360.053 1760350.089 1 125.311249238800
"772" 565870.053 1760350.089 1 177.041017477892
"773" 566380.053 1760350.089 1 52.6322154058223
"774" 566890.053 1760350.089 1 -306.320529729133
"775" 567400.053 1760350.089 1 -190.945988380547
"776" 560770.053 1760860.089 0 505.841150871544
"777" 561280.053 1760860.089 1 31.6889424351339
"778" 561790.053 1760860.089 1 -268.039081727556
"779" 562300.053 1760860.089 1 -68.7735358712856
"780" 562810.053 1760860.089 1 -108.708185367525
"781" 563320.053 1760860.089 1 40.8320379785116
"782" 563830.053 1760860.089 1 -60.9025879071311
"783" 564340.053 1760860.089 1 -121.237165156539
"784" 564850.053 1760860.089 1 -221.003834575936
"785" 565360.053 1760860.089 1 -80.817724347534
"786" 565870.053 1760860.089 1 -102.881574841938
"787" 566380.053 1760860.089 1 -260.528457896525
"788" 566890.053 1760860.089 0 11.7949898233388
"789" 567400.053 1760860.089 1 283.062123640529
"790" 561280.053 1761370.089 1 383.780952809932
"791" 561790.053 1761370.089 1 77.4968351080145
"792" 562300.053 1761370.089 1 61.5268699734913
"793" 562810.053 1761370.089 1 -109.995710250581
"794" 563320.053 1761370.089 1 -256.777117994836
"795" 563830.053 1761370.089 1 -293.235432476325
"796" 564340.053 1761370.089 1 -124.219301081556
"797" 564850.053 1761370.089 1 -170.012665202467
"798" 565360.053 1761370.089 1 10.6956527249555
"799" 565870.053 1761370.089 1 -157.498014651374
"800" 566380.053 1761370.089 1 157.117738980316
"801" 566890.053 1761370.089 1 381.350202213739
"802" 561790.053 1761880.089 1 380.110223697369
"803" 562300.053 1761880.089 0 370.434600334168
"804" 562810.053 1761880.089 1 22.317399264399
"805" 563320.053 1761880.089 1 -342.493918606984
"806" 563830.053 1761880.089 1 -252.222241853765
"807" 564340.053 1761880.089 1 -171.640035549255
"808" 564850.053 1761880.089 1 -331.23337244823
"809" 565360.053 1761880.089 1 -221.971352882458
"810" 565870.053 1761880.089 1 -124.296031421037
"811" 566380.053 1761880.089 1 53.8708248823082
"812" 566890.053 1761880.089 1 166.540547755831
"813" 567400.053 1761880.089 1 253.074258089066
"814" 562810.053 1762390.089 1 291.024350493946
"815" 563320.053 1762390.089 1 -45.0944789187835
"816" 563830.053 1762390.089 1 14.5813163958936
"817" 564340.053 1762390.089 1 -86.8421547641648
"818" 564850.053 1762390.089 1 -314.262288657031
"819" 565360.053 1762390.089 1 -42.3142305229012
"820" 565870.053 1762390.089 1 -243.675760947303
"821" 566380.053 1762390.089 1 24.3884294559725
"822" 566890.053 1762390.089 1 140.061679743001
"823" 562810.053 1762900.089 1 544.469116210938
"824" 563320.053 1762900.089 1 442.222639507718
"825" 563830.053 1762900.089 1 410.149232652452
"826" 564340.053 1762900.089 1 383.583797386715
"827" 564850.053 1762900.089 1 -99.2720898169482
"828" 565360.053 1762900.089 1 -219.903934652011
"829" 565870.053 1762900.089 1 -82.6577166389079
"830" 566380.053 1762900.089 1 69.2261683962372
"831" 566890.053 1762900.089 1 509.100356038412
"832" 564850.053 1763410.089 1 477.368551956981
"833" 565360.053 1763410.089 1 -12.4036541468435
"834" 565870.053 1763410.089 1 -53.1453567414014
"835" 566380.053 1763410.089 1 513.585418701172
